   100 -0.1088917E-15 -0.1088917E-15  0.0000000E+00
   200 -0.1091309E-15 -0.1091309E-15  0.0000000E+00
   300 -0.1092445E-15 -0.1092445E-15  0.0000000E+00
   400 -0.1090474E-15 -0.1090474E-15  0.0000000E+00
   500 -0.1091822E-15 -0.1091822E-15  0.0000000E+00
   600 -0.1090936E-15 -0.1090936E-15  0.0000000E+00
   700 -0.1089519E-15 -0.1089519E-15  0.0000000E+00
   800 -0.1090401E-15 -0.1090401E-15  0.0000000E+00
   900 -0.1090572E-15 -0.1090572E-15  0.0000000E+00
  1000 -0.1090756E-15 -0.1090756E-15  0.0000000E+00
  1100 -0.1090553E-15 -0.1090553E-15  0.0000000E+00
  1200 -0.1090100E-15 -0.1090100E-15  0.0000000E+00
  1300 -0.1089928E-15 -0.1089928E-15  0.0000000E+00
  1400 -0.1090436E-15 -0.1090436E-15  0.0000000E+00
  1500 -0.1090125E-15 -0.1090125E-15  0.0000000E+00
  1600 -0.1090585E-15 -0.1090585E-15  0.0000000E+00
  1700 -0.1090567E-15 -0.1090567E-15  0.0000000E+00
  1800 -0.1090219E-15 -0.1090219E-15  0.0000000E+00
  1900 -0.1090464E-15 -0.1090464E-15  0.0000000E+00
  2000 -0.1090183E-15 -0.1090183E-15  0.0000000E+00
  2100 -0.1090690E-15 -0.1090690E-15  0.0000000E+00
  2200 -0.1090531E-15 -0.1090531E-15  0.0000000E+00
  2300 -0.1090448E-15 -0.1090448E-15  0.0000000E+00
  2400 -0.1090459E-15 -0.1090459E-15  0.0000000E+00
  2500 -0.1089997E-15 -0.1089997E-15  0.0000000E+00
  2600 -0.1090223E-15 -0.1090223E-15  0.0000000E+00
  2700 -0.1090409E-15 -0.1090409E-15  0.0000000E+00
  2800 -0.1089630E-15 -0.1089630E-15  0.0000000E+00
  2900 -0.1089737E-15 -0.1089737E-15  0.0000000E+00
  3000 -0.1089250E-15 -0.1089250E-15  0.0000000E+00
  3100 -0.1089696E-15 -0.1089696E-15  0.0000000E+00
  3200 -0.1090095E-15 -0.1090095E-15  0.0000000E+00
  3300 -0.1089794E-15 -0.1089794E-15  0.0000000E+00
  3400 -0.1090100E-15 -0.1090100E-15  0.0000000E+00
  3500 -0.1089973E-15 -0.1089973E-15  0.0000000E+00
  3600 -0.1089756E-15 -0.1089756E-15  0.0000000E+00
  3700 -0.1090407E-15 -0.1090407E-15  0.0000000E+00
  3800 -0.1089624E-15 -0.1089624E-15  0.0000000E+00
  3900 -0.1089886E-15 -0.1089886E-15  0.0000000E+00
  4000 -0.1090015E-15 -0.1090015E-15  0.0000000E+00
  4100 -0.1090717E-15 -0.1090717E-15  0.0000000E+00
  4200 -0.1089830E-15 -0.1089830E-15  0.0000000E+00
  4300 -0.1090285E-15 -0.1090285E-15  0.0000000E+00
  4400 -0.1090653E-15 -0.1090653E-15  0.0000000E+00
  4500 -0.1090146E-15 -0.1090146E-15  0.0000000E+00
  4600 -0.1090344E-15 -0.1090344E-15  0.0000000E+00
  4700 -0.1090207E-15 -0.1090207E-15  0.0000000E+00
  4800 -0.1090295E-15 -0.1090295E-15  0.0000000E+00
  4900 -0.1090196E-15 -0.1090196E-15  0.0000000E+00
  5000 -0.1089978E-15 -0.1089978E-15  0.0000000E+00
  5100 -0.1090118E-15 -0.1090118E-15  0.0000000E+00
  5200 -0.1090037E-15 -0.1090037E-15  0.0000000E+00
  5300 -0.1090372E-15 -0.1090372E-15  0.0000000E+00
  5400 -0.1090124E-15 -0.1090124E-15  0.0000000E+00
  5500 -0.1090036E-15 -0.1090036E-15  0.0000000E+00
  5600 -0.1089613E-15 -0.1089613E-15  0.0000000E+00
  5700 -0.1090090E-15 -0.1090090E-15  0.0000000E+00
  5800 -0.1089912E-15 -0.1089912E-15  0.0000000E+00
  5900 -0.1090173E-15 -0.1090173E-15  0.0000000E+00
  6000 -0.1090060E-15 -0.1090060E-15  0.0000000E+00
  6100 -0.1089593E-15 -0.1089593E-15  0.0000000E+00
  6200 -0.1089882E-15 -0.1089882E-15  0.0000000E+00
  6300 -0.1090313E-15 -0.1090313E-15  0.0000000E+00
  6400 -0.1090134E-15 -0.1090134E-15  0.0000000E+00
  6500 -0.1089974E-15 -0.1089974E-15  0.0000000E+00
  6600 -0.1090321E-15 -0.1090321E-15  0.0000000E+00
  6700 -0.1090492E-15 -0.1090492E-15  0.0000000E+00
  6800 -0.1090314E-15 -0.1090314E-15  0.0000000E+00
  6900 -0.1090110E-15 -0.1090110E-15  0.0000000E+00
  7000 -0.1090608E-15 -0.1090608E-15  0.0000000E+00
  7100 -0.1090260E-15 -0.1090260E-15  0.0000000E+00
  7200 -0.1090580E-15 -0.1090580E-15  0.0000000E+00
  7300 -0.1090178E-15 -0.1090178E-15  0.0000000E+00
  7400 -0.1089999E-15 -0.1089999E-15  0.0000000E+00
  7500 -0.1089880E-15 -0.1089880E-15  0.0000000E+00
  7600 -0.1090207E-15 -0.1090207E-15  0.0000000E+00
  7700 -0.1090466E-15 -0.1090466E-15  0.0000000E+00
  7800 -0.1090140E-15 -0.1090140E-15  0.0000000E+00
  7900 -0.1089720E-15 -0.1089720E-15  0.0000000E+00
  8000 -0.1089889E-15 -0.1089889E-15  0.0000000E+00
  8100 -0.1090078E-15 -0.1090078E-15  0.0000000E+00
  8200 -0.1090203E-15 -0.1090203E-15  0.0000000E+00
  8300 -0.1090542E-15 -0.1090542E-15  0.0000000E+00
  8400 -0.1090475E-15 -0.1090475E-15  0.0000000E+00
  8500 -0.1090161E-15 -0.1090161E-15  0.0000000E+00
  8600 -0.1090690E-15 -0.1090690E-15  0.0000000E+00
  8700 -0.1090268E-15 -0.1090268E-15  0.0000000E+00
  8800 -0.1090385E-15 -0.1090385E-15  0.0000000E+00
  8900 -0.1090635E-15 -0.1090635E-15  0.0000000E+00
  9000 -0.1090262E-15 -0.1090262E-15  0.0000000E+00
  9100 -0.1090397E-15 -0.1090397E-15  0.0000000E+00
  9200 -0.1089999E-15 -0.1089999E-15  0.0000000E+00
  9300 -0.1090247E-15 -0.1090247E-15  0.0000000E+00
  9400 -0.1090059E-15 -0.1090059E-15  0.0000000E+00
  9500 -0.1089884E-15 -0.1089884E-15  0.0000000E+00
  9600 -0.1090148E-15 -0.1090148E-15  0.0000000E+00
  9700 -0.1090282E-15 -0.1090282E-15  0.0000000E+00
  9800 -0.1089841E-15 -0.1089841E-15  0.0000000E+00
  9900 -0.1090039E-15 -0.1090039E-15  0.0000000E+00
 10000 -0.1089978E-15 -0.1089978E-15  0.0000000E+00
 10100 -0.1090164E-15 -0.1090164E-15  0.0000000E+00
 10200 -0.1090494E-15 -0.1090494E-15  0.0000000E+00
 10300 -0.1089959E-15 -0.1089959E-15  0.0000000E+00
 10400 -0.1090535E-15 -0.1090535E-15  0.0000000E+00
 10500 -0.1090481E-15 -0.1090481E-15  0.0000000E+00
 10600 -0.1090651E-15 -0.1090651E-15  0.0000000E+00
 10700 -0.1090583E-15 -0.1090583E-15  0.0000000E+00
 10800 -0.1090429E-15 -0.1090429E-15  0.0000000E+00
 10900 -0.1090293E-15 -0.1090293E-15  0.0000000E+00
 11000 -0.1090089E-15 -0.1090089E-15  0.0000000E+00
 11100 -0.1090342E-15 -0.1090342E-15  0.0000000E+00
 11200 -0.1090403E-15 -0.1090403E-15  0.0000000E+00
 11300 -0.1090457E-15 -0.1090457E-15  0.0000000E+00
 11400 -0.1090626E-15 -0.1090626E-15  0.0000000E+00
 11500 -0.1090485E-15 -0.1090485E-15  0.0000000E+00
 11600 -0.1090104E-15 -0.1090104E-15  0.0000000E+00
 11700 -0.1090334E-15 -0.1090334E-15  0.0000000E+00
 11800 -0.1090205E-15 -0.1090205E-15  0.0000000E+00
 11900 -0.1090368E-15 -0.1090368E-15  0.0000000E+00
 12000 -0.1090330E-15 -0.1090330E-15  0.0000000E+00
 12100 -0.1090274E-15 -0.1090274E-15  0.0000000E+00
 12200 -0.1090241E-15 -0.1090241E-15  0.0000000E+00
 12300 -0.1090354E-15 -0.1090354E-15  0.0000000E+00
 12400 -0.1090229E-15 -0.1090229E-15  0.0000000E+00
 12500 -0.1090560E-15 -0.1090560E-15  0.0000000E+00
 12600 -0.1090627E-15 -0.1090627E-15  0.0000000E+00
 12700 -0.1090329E-15 -0.1090329E-15  0.0000000E+00
 12800 -0.1090177E-15 -0.1090177E-15  0.0000000E+00
 12900 -0.1090520E-15 -0.1090520E-15  0.0000000E+00
 13000 -0.1090569E-15 -0.1090569E-15  0.0000000E+00
 13100 -0.1090522E-15 -0.1090522E-15  0.0000000E+00
 13200 -0.1090250E-15 -0.1090250E-15  0.0000000E+00
 13300 -0.1089735E-15 -0.1089735E-15  0.0000000E+00
 13400 -0.1090041E-15 -0.1090041E-15  0.0000000E+00
 13500 -0.1090004E-15 -0.1090004E-15  0.0000000E+00
 13600 -0.1090130E-15 -0.1090130E-15  0.0000000E+00
 13700 -0.1090642E-15 -0.1090642E-15  0.0000000E+00
 13800 -0.1090641E-15 -0.1090641E-15  0.0000000E+00
 13900 -0.1090476E-15 -0.1090476E-15  0.0000000E+00
 14000 -0.1090640E-15 -0.1090640E-15  0.0000000E+00
 14100 -0.1090191E-15 -0.1090191E-15  0.0000000E+00
 14200 -0.1090541E-15 -0.1090541E-15  0.0000000E+00
 14300 -0.1090405E-15 -0.1090405E-15  0.0000000E+00
 14400 -0.1089987E-15 -0.1089987E-15  0.0000000E+00
 14500 -0.1090916E-15 -0.1090916E-15  0.0000000E+00
 14600 -0.1091180E-15 -0.1091180E-15  0.0000000E+00
 14700 -0.1090524E-15 -0.1090524E-15  0.0000000E+00
 14800 -0.1090770E-15 -0.1090770E-15  0.0000000E+00
 14900 -0.1090089E-15 -0.1090089E-15  0.0000000E+00
 15000 -0.1090437E-15 -0.1090437E-15  0.0000000E+00
 15100 -0.1090672E-15 -0.1090672E-15  0.0000000E+00
 15200 -0.1090353E-15 -0.1090353E-15  0.0000000E+00
 15300 -0.1090485E-15 -0.1090485E-15  0.0000000E+00
 15400 -0.1090387E-15 -0.1090387E-15  0.0000000E+00
 15500 -0.1090327E-15 -0.1090327E-15  0.0000000E+00
 15600 -0.1090623E-15 -0.1090623E-15  0.0000000E+00
 15700 -0.1090480E-15 -0.1090480E-15  0.0000000E+00
 15800 -0.1090440E-15 -0.1090440E-15  0.0000000E+00
 15900 -0.1090500E-15 -0.1090500E-15  0.0000000E+00
 16000 -0.1090476E-15 -0.1090476E-15  0.0000000E+00
 16100 -0.1090419E-15 -0.1090419E-15  0.0000000E+00
 16200 -0.1090564E-15 -0.1090564E-15  0.0000000E+00
 16300 -0.1090329E-15 -0.1090329E-15  0.0000000E+00
 16400 -0.1090151E-15 -0.1090151E-15  0.0000000E+00
 16500 -0.1090741E-15 -0.1090741E-15  0.0000000E+00
 16600 -0.1090911E-15 -0.1090911E-15  0.0000000E+00
 16700 -0.1089849E-15 -0.1089849E-15  0.0000000E+00
 16800 -0.1089607E-15 -0.1089607E-15  0.0000000E+00
 16900 -0.1089783E-15 -0.1089783E-15  0.0000000E+00
 17000 -0.1089754E-15 -0.1089754E-15  0.0000000E+00
 17100 -0.1090397E-15 -0.1090397E-15  0.0000000E+00
 17200 -0.1089486E-15 -0.1089486E-15  0.0000000E+00
 17300 -0.1089841E-15 -0.1089841E-15  0.0000000E+00
 17400 -0.1090127E-15 -0.1090127E-15  0.0000000E+00
 17500 -0.1090003E-15 -0.1090003E-15  0.0000000E+00
 17600 -0.1090322E-15 -0.1090322E-15  0.0000000E+00
 17700 -0.1089635E-15 -0.1089635E-15  0.0000000E+00
 17800 -0.1090055E-15 -0.1090055E-15  0.0000000E+00
 17900 -0.1089940E-15 -0.1089940E-15  0.0000000E+00
 18000 -0.1089824E-15 -0.1089824E-15  0.0000000E+00
 18100 -0.1090130E-15 -0.1090130E-15  0.0000000E+00
 18200 -0.1090324E-15 -0.1090324E-15  0.0000000E+00
 18300 -0.1090031E-15 -0.1090031E-15  0.0000000E+00
 18400 -0.1090506E-15 -0.1090506E-15  0.0000000E+00
 18500 -0.1090230E-15 -0.1090230E-15  0.0000000E+00
 18600 -0.1090006E-15 -0.1090006E-15  0.0000000E+00
 18700 -0.1090144E-15 -0.1090144E-15  0.0000000E+00
 18800 -0.1090267E-15 -0.1090267E-15  0.0000000E+00
 18900 -0.1089969E-15 -0.1089969E-15  0.0000000E+00
 19000 -0.1090363E-15 -0.1090363E-15  0.0000000E+00
 19100 -0.1090501E-15 -0.1090501E-15  0.0000000E+00
 19200 -0.1089939E-15 -0.1089939E-15  0.0000000E+00
 19300 -0.1090255E-15 -0.1090255E-15  0.0000000E+00
 19400 -0.1090133E-15 -0.1090133E-15  0.0000000E+00
 19500 -0.1089926E-15 -0.1089926E-15  0.0000000E+00
 19600 -0.1090083E-15 -0.1090083E-15  0.0000000E+00
 19700 -0.1089845E-15 -0.1089845E-15  0.0000000E+00
 19800 -0.1089978E-15 -0.1089978E-15  0.0000000E+00
 19900 -0.1089995E-15 -0.1089995E-15  0.0000000E+00
 20000 -0.1089727E-15 -0.1089727E-15  0.0000000E+00
