0.13864558854945525000
0.86104922635578474000
0.34318063905758844000
0.27069917905209512000
0.51536606952116459000
0.06817835016937773300
0.61531418805505544000
0.84206671346171458000
0.61815240943632310000
0.93722342600787378000
0.47135837885677662000
0.46620075075533313000
0.21778008362071596000
0.00039674062318796350
0.04257332071901608100
0.24707785271767327000
0.76653340250862145000
0.25959044160283212000
0.49308755760368661000
0.95138401440473652000
0.60008545182653283000
0.26938688314462722000
0.91979735709707933000
0.70030823694570754000
0.65337076937162386000
0.21085238196966460000
0.18848231452375866000
0.63594470046082952000
0.40852076784569841000
0.29902035584582048000
0.17386394848475600000
0.65602587969603565000
0.29438154240546893000
0.36829737235633414000
0.37272255623035372000
0.81078524124881746000
0.25550096133304850000
0.97930845057527394000
0.35877559739982301000
0.45564134647663806000
0.71013519699697869000
0.89074373607593005000
0.04831080050050355600
0.75359355449079868000
0.61552781762138742000
0.24063844721823785000
0.24497207556382947000
0.62068544572283091000
0.85946226386303293000
0.28003784295175022000
0.43253883480330818000
0.70909756767479482000
0.69646290475173189000
0.00314340647602771080
0.28455458235419784000
0.52058473464156008000
0.44813379314554275000
0.51799066133610039000
0.85967589342936490000
0.24475844599749749000
0.18543046357615894000
0.50068666646320992000
0.95095675527207246000
0.41581469161046175000
0.61253700369273967000
0.57789849543748284000
0.55848872341074862000
0.98113956114383372000
0.87017426068910797000
0.98025452436902982000
0.95373393963438824000
0.87588122196111939000
0.47813348796044802000
0.31141087069307533000
0.30439161351359600000
0.69725638599810780000
0.13483077486495559000
0.77602465895565664000
0.32859279152806176000
0.57206946012756732000
0.59315775017548145000
0.71019623401593068000
0.94705038605914482000
0.81130405590990939000
0.33130893887142554000
0.75875118259224217000
0.40211188085573901000
0.44569231238746299000
0.23712881862849819000
0.54258857997375409000
0.81240272225104526000
0.23587755973998231000
0.02517777031769768300
0.15991698965422529000
0.63158055360576193000
0.25086214789269690000
0.60454115421002841000
0.36548966948454237000
0.98028504287850582000
0.60863063447981203000
0.11691640980254524000
0.77095858638264103000
0.31986449781792659000
0.47257911923581652000
0.86330759605700857000
0.91085543382061218000
0.43659779656361586000
0.89761040070802944000
0.83791619617297897000
0.51734977263710435000
0.20529801324503311000
0.61955626087221904000
0.08850367748039185400
0.84762108218634602000
0.10077211828974272000
0.38175603503524885000
0.62157048249763480000
0.40800195318460647000
0.92645039216284675000
0.89239173558763385000
0.07092501602221747100
0.91824091311380351000
0.72804956205938898000
0.00646992400891140480
0.84939115573595381000
0.85952330088198492000
0.36198004089480268000
0.22632526627399518000
0.00064088869899594104
0.45057527390362256000
0.68672750022888884000
0.11392559587389751000
0.47209082308420058000
0.39515366069521163000
0.84560686056093015000
0.70940275276955478000
0.02554399243140964900
0.24451429792168949000
0.61070589312417978000
0.54869228186895347000
0.50581377605517741000
0.71929074983977781000
0.25568407238990448000
0.37522507400738547000
0.68514053773613692000
0.83370464186529125000
0.92675557725760671000
0.13800469985045929000
0.40290536210211492000
0.16650898770104069000
0.98040711691640980000
0.37116611224707785000
0.21881771294289987000
0.12219611194189275000
0.25672170171208836000
0.54753257850886561000
0.29837946714682456000
0.52595599230933565000
0.75722525711844235000
0.50114444410534986000
0.74983977782525102000
0.39643543809320353000
0.69512009033478805000
0.51149021881771295000
0.13074129459517198000
0.24030274361400189000
0.38810388500625631000
0.14368114261299478000
0.34354686117130040000
0.71156956694235052000
0.96124149296548356000
0.43836787011322365000
0.63823358867152924000
0.98028504287850582000
0.32917264320810574000
0.54484694967497782000
0.94131290627765740000
0.65355388042847984000
0.42661824396496473000
0.39136936552018797000
0.22980437635425885000
0.59361552781762139000
0.15546128727072969000
0.48625141148106327000
0.16879787591174047000
0.47556993316446422000
0.01739555040131840100
0.44373912778099917000
0.73137607959227269000
0.42948698385570849000
0.90099795525986515000
0.32798242133854183000
0.01977599414044618100
0.61000396740623186000
0.99160740989410079000
0.40937528611102636000
0.00668355357524338510
0.03756828516495254500
0.27335428937650685000
0.42658772545548873000
0.41471602526932583000
0.55491805780205694000
0.59144871364482554000
0.94827112643818479000
0.45371868037965024000
0.24237800225836970000
0.74382763145847952000
0.92803735465559867000
0.63420514542069761000
0.13599047822504348000
0.57087923825800346000
0.04681539353617969500
0.37543870357371745000
0.59233375041962955000
0.51200903347880489000
0.93569750053407397000
0.62767418439283429000
0.14310129093295085000
0.59767448957792901000
0.87362285225989567000
0.22617267372661520000
0.18414868617816707000
0.34574419385357219000
0.05328531754509109600
0.19702749717703788000
0.34202093569750053000
0.53093050935392316000
0.00955229346598712200
0.73253578295236066000
0.86196478164006474000
0.29596850489822080000
0.30295724356822412000
0.05517746513260292400
0.86126285592211671000
0.57338175603503527000
0.05362102114932706900
0.88955351420636619000
0.79152806176946322000
0.28653828547013765000
0.41804254280220954000
0.75960570085757007000
0.95370342112491224000
0.29871517075106052000
0.60313730277413247000
0.83178197576830348000
0.40952787865840634000
0.57905819879757070000
0.51118503372295299000
0.52098147526474803000
0.13333536790063175000
0.55397198400830105000
0.60930204168828395000
0.57948545793023465000
0.74770348216193117000
0.11276589251380963000
0.11728263191625721000
0.88680684835352641000
0.68697164830469681000
0.23676259651478621000
0.10766930143131810000
0.65953550828577534000
0.13211462752159184000
0.71941282387768180000
0.61146885586107980000
0.29990539262062443000
0.56099124118778043000
0.94781334879604484000
0.32364879299295024000
0.60164189580980865000
0.25736259041108434000
0.21289712210455641000
0.00195318460646382030
0.53215124973296302000
0.62297433393353063000
0.51811273537400437000
0.15286721396526995000
0.30948820459608750000
0.63579210791344953000
0.35441145054475537000
0.09826960051271095600
0.99301126132999662000
0.29856257820368054000
0.41138950773644217000
0.01681569872127445400
0.30661946470534379000
0.42167424542985321000
0.69209875789666431000
0.05386516922513504700
0.91302224799340803000
0.58308664204840233000
0.00137333292641987370
0.09311197241126743800
0.85778374584185313000
0.61052278206732380000
0.27582628864406261000
0.28443250831629385000
0.40250862147892696000
0.42826624347666858000
0.72423474837488933000
0.92114017151402328000
0.96487319559312723000
0.61326944792016358000
0.24732200079348124000
0.76064333017975405000
0.38520462660603655000
0.50395214697714164000
0.10574663533433028000
0.38233588671529284000
0.23798333689382611000
0.20538956877346110000
0.30466628009887997000
0.67616809595019378000
0.40678121280556656000
0.33487960448011717000
0.66386913663136693000
0.05587939085055086000
0.64174321726126893000
0.85131382183294169000
0.04235969115268410600
0.49073763237403484000
0.31839960936307871000
0.81237220374156927000
0.68590350047303694000
0.94906460768456069000
0.11609241004669332000
0.40336313974425492000
0.16617328409680471000
0.34800256355479597000
0.83541367839594716000
0.08099612414929655000
0.88094729453413501000
0.60264900662251653000
0.07263405255287332100
0.17636646626178779000
0.58287301248207035000
0.86855677968688005000
0.97085482345042273000
0.80046998504593037000
0.90710165715506452000
0.57148960844752339000
0.76552629169591357000
0.39646595660267953000
0.36506241035187842000
0.31788079470198677000
0.34409619434186833000
0.78203680532242803000
0.77404095583971677000
0.27994628742332223000
0.53773613696707057000
0.02557451094088564900
0.59114352855006558000
0.14929654835657827000
0.36448255867183449000
0.00051881466109195227
0.12012085329752495000
0.25238807336649677000
0.94210638752403331000
0.96063112277596363000
0.06012146366771446700
0.92205572679830317000
0.28977324747459332000
0.98095645008697774000
0.36490981780449844000
0.71855830561235390000
0.73726615192114020000
0.60756248664815216000
0.88143559068575095000
0.59407330545976134000
0.15988647114474930000
0.56013672292245242000
0.73638111514633631000
0.59416486098818933000
0.75902584917752614000
0.83080538346507160000
0.93966490676595360000
0.19013031403546252000
0.60551774651326029000
0.02356028931546983200
0.17328409680471205000
0.83626819666127505000
0.66624958037049475000
0.27735221411786248000
0.23465681936094240000
0.84478286080507825000
0.53144932401501510000
0.61705374309518723000
0.10266426587725455000
0.17377239295632801000
0.56199835200048831000
0.07596057008575701800
0.09610278633991516100
0.22016052735984373000
0.67552720725119786000
0.43342387157811213000
0.09198278756065553200
0.21295815912350841000
0.48970000305185096000
0.91149632251960810000
0.27359843745231482000
0.29923398541215246000
0.04199346903897213700
0.67430646687215801000
0.37653736991485337000
0.91784417249061556000
0.80416272469252603000
0.47401348918118841000
0.90130314035462511000
0.55348368785668511000
0.21024201178014465000
0.28678243354594563000
0.26178777428510391000
0.46571245460371713000
0.41761528366954559000
0.28305917538987396000
0.33787041840876492000
0.48609881893368329000
0.51826532792138436000
0.97518845179601432000
0.40086062196722311000
0.47758415478988009000
0.92098757896664329000
0.88686788537247840000
0.88131351664784696000
0.54979094821008945000
0.12131107516708883000
0.58766441846980189000
0.94665364543595687000
0.62367625965147866000
0.57976012451551862000
0.43653675954466387000
0.35877559739982301000
0.43986327707754752000
0.92553483687856686000
0.87813959166234323000
0.57927182836390267000
0.60383922849208049000
0.20535905026398510000
0.63539536729026158000
0.59150975066377753000
0.76216925565355387000
0.39643543809320353000
0.64275032807397692000
0.40842921231727042000
0.50309762871181374000
0.90099795525986515000
0.06295968504898220900
0.73455000457777642000
0.07593005157628102100
0.24268318735312969000
0.23184911648915066000
0.75078585161900691000
0.52201910458693201000
0.68276009399700921000
0.87450788903469956000
0.49162266914883879000
0.31199072237311931000
0.97457808160649428000
0.43653675954466387000
0.78218939786980801000
0.08230842005676443400
0.97595141453291423000
0.87487411114841152000
0.20505386516922514000
0.56550798059022800000
0.33747367778557696000
0.75041962950529495000
0.06506546220282601000
0.30719931638538772000
0.98590044862208925000
0.96804712057863096000
0.82061220130008850000
0.26410718100527969000
0.62080751976073489000
0.00622577593310342720
0.95086519974364447000
0.87685781426435128000
0.94427320169682916000
0.98117007965330971000
0.72716452528458508000
0.71074556718649862000
0.84121219519638657000
0.38789025543992434000
0.85726493118076108000
0.25898007141331220000
0.22995696890163883000
0.86382641071810051000
0.47175511947996462000
0.00164799951170384840
0.80141605883968625000
0.81679738761558884000
0.42057557908871729000
0.31421857356486710000
0.36545915097506637000
0.26230658894619585000
0.34931485946226387000
0.31949827570421463000
0.02380443739127781000
0.71376689962462236000
0.52311777092806788000
0.27665028839991457000
0.88763084810937831000
0.46873378704184088000
0.86764122440260016000
0.60115359965819271000
0.55888546403393657000
0.13580736716818750000
0.19544053468428602000
0.10916470839564196000
0.09402752769554735500
0.74532303842280345000
0.08694723349711600000
0.58067567979979862000
0.66899624622333442000
0.28769798883022552000
0.39387188329721978000
0.23407696768089847000
0.66393017365031892000
0.02356028931546983200
0.83510849330118719000
0.20740379039887691000
0.38682210760826441000
0.40876491592150638000
0.65266884365367595000
0.63847773674733721000
0.15433210242011780000
0.97857600634785002000
0.79717398602252265000
0.43888668477431564000
0.94906460768456069000
0.03457747123630482100
0.61137730033265181000
0.35474715414899138000
0.37128818628498184000
0.47810296945097203000
0.48036133915219581000
0.40870387890255439000
0.10498367259743034000
0.63374736777855767000
0.41737113559373762000
0.31604968413342693000
0.61571092867824340000
0.40696432386242254000
0.05392620624408704000
0.96969512009033476000
0.30002746665852842000
0.61952574236274305000
0.00296029541917172770
0.58677938169499799000
0.80468153935361797000
0.86617633594775234000
0.06387524033326212600
0.61162144840845978000
0.73439741203039643000
0.73665578173162027000
0.23789178136539813000
0.96795556505020297000
0.46736045411542099000
0.74700155644398325000
0.02294991912594988900
0.75447859126560257000
0.29657887508774072000
0.82296212652974032000
0.95657216101565601000
0.97781304361095001000
0.61632129886776332000
0.68047120578630937000
0.87542344431897945000
0.41608935819574572000
0.37214270455030979000
0.94610431226538894000
0.86053041169469280000
0.20722067934202093000
0.49342326120792263000
0.36143070772423475000
0.33680227057710499000
0.25543992431409651000
0.52708517715994752000
0.91540269173253574000
0.29563280129398478000
0.05017242957853938800
0.19101535081026644000
0.24777977843562121000
0.10898159733878597000
0.99044770653401293000
0.06656086916714987200
0.16837061677907650000
0.90459913937803282000
0.80919827875606554000
0.14798425244911040000
0.63472396008178955000
0.96984771263771474000
0.19080172124393444000
0.46852015747550890000
0.03268532364879299400
0.15414899136326182000
0.17578661458174383000
0.52092043824579604000
0.10385448774681845000
0.73802911465804011000
0.44627216406750692000
0.69215979491561630000
0.36265144810327465000
0.73754081850642417000
0.08612323374126407100
0.43006683553575242000
0.34766685995056001000
0.11310159611804560000
0.90945158238471635000
0.36158330027161473000
0.55098117007965330000
0.85168004394665364000
0.95123142185735654000
0.08056886501663258800
0.36841944639423813000
0.39014862514114812000
0.21369060335093235000
0.82451857051301614000
0.91564683980834372000
0.34974211859492782000
0.26252021851252783000
0.75853755302591019000
0.05264442884609515900
0.04959257789849543700
0.76622821741386149000
0.08566545609912411300
0.46150090029602953000
0.76833399456770535000
0.57252723776970738000
0.70201727347636345000
0.12015137180700095000
0.22229682302316356000
0.41602832117679373000
0.61552781762138742000
0.01693777275917844300
0.22977385784478285000
0.85000152592547384000
0.84725486007263406000
0.44846949674977876000
0.02905362102114932700
0.49681081575975827000
0.03378398998992888900
0.74581133457441939000
0.21970274971770379000
0.21051667836542864000
0.44962920010986662000
0.77178258613849304000
0.79573961607715082000
0.24500259407330546000
0.66814172795800653000
0.03381450849940489300
0.23914304025391400000
0.02209540086062196700
0.57994323557237459000
0.75542466505935846000
0.14294869838557084000
0.59276100955229349000
0.98767052217169715000
0.75066377758110292000
0.33204138309884945000
0.38550981170079651000
0.49531540879543445000
0.44492934965056308000
0.95101779229102446000
0.33579515976439711000
0.91155735953856010000
0.88631855220191047000
0.48747215186010318000
0.98977629932554090000
0.88534195989867859000
0.09030426953947569300
0.19962157048249762000
0.67650379955442974000
0.99267555772576066000
0.56306649983214818000
0.91708120975371565000
0.34250923184911647000
0.99328592791528059000
0.34528641621143225000
0.68297372356334118000
0.14181951353495895000
0.47608874782555621000
0.42210150456251716000
0.20731223487044892000
0.37574388866847741000
0.61201818903164773000
0.84145634327219454000
0.59923093356120483000
0.87627796258430735000
0.23282570879238257000
0.38526566362498854000
0.34702597125156409000
0.42606891079439679000
0.95522934659871217000
0.13748588518936736000
0.01568651387066255900
0.30988494521927551000
0.56828516495254366000
0.79177220984527119000
0.62944425794244208000
0.59016693624683370000
0.40348521378215890000
0.04351939451277199400
0.20859401226844082000
0.20117801446577349000
0.90591143528550067000
0.90978728598895231000
0.42979216895046846000
0.45536667989135410000
0.12527848139896847000
0.32016968291268655000
0.87774285103915528000
0.05517746513260292400
0.34580523087252418000
0.82341990417188027000
0.85753959776604516000
0.20505386516922514000
0.57322916348765529000
0.75283059175389877000
0.23648792992950224000
0.91628772850733975000
0.09826960051271095600
0.69426557206946016000
0.28373058259834588000
0.09918515579699087300
0.85500656147953735000
0.60090945158238473000
0.97674489577929013000
0.53627124851222263000
0.79250465407269510000
0.39808343760490739000
0.74340037232581557000
0.32966093935972168000
0.97958311716055790000
0.42207098605304116000
0.10840174565874203000
0.91735587633899962000
0.66002380443739128000
0.53666798913541058000
0.21274452955717643000
0.25095370342112489000
0.97830133976256595000
0.27134006775109104000
0.67473372600482195000
0.22998748741111485000
0.59343241676076541000
0.82442701498458815000
0.76180303353984191000
0.98535111545152132000
0.90084536271248516000
0.27546006653035066000
0.34168523209326457000
0.10608233893856624000
0.07986693929868465800
0.85018463698232982000
0.58137760551774653000
0.40363780632953888000
0.68654438917203287000
0.58201849421674245000
0.86309396649067660000
0.30668050172429578000
0.00973540452284310520
0.21384319589831233000
0.88567766350291455000
0.48051393169957579000
0.91024506363109225000
0.68370616779076510000
0.42036194952238531000
0.76509903256324963000
0.36024048585467083000
0.03817865535447248500
0.68956572161015661000
0.02490310373241370900
0.40354625080111090000
0.11749626148258920000
0.83739738151188692000
0.00488296151615955080
0.75386822107608265000
0.85555589465010529000
0.46089053010650960000
0.78572954496902370000
0.75087740714743489000
0.53898739585558642000
0.67036957914975437000
0.93279824213385421000
0.89220862453077787000
0.86941129795220806000
0.64790795617542041000
0.93200476088747830000
0.66054261909848322000
0.17139194921720025000
0.17258217108676413000
0.00662251655629139070
0.86431470686971645000
0.59135715811639755000
0.08142338328196051200
0.90865810113834045000
0.21082186346018861000
0.62996307260353401000
0.13437299722281565000
0.77843562120426035000
0.33051545762504958000
0.85265663624988552000
0.25247962889492476000
0.66673787652211070000
0.97116000854518270000
0.12115848261970885000
0.59788811914426099000
0.81225012970366528000
0.58079775383770260000
0.19092379528183845000
0.46433912167729730000
0.26902066103091526000
0.99807733390301223000
0.01678518021179845700
0.44691305276650289000
0.97717215491195408000
0.46861171300393689000
0.61201818903164773000
0.86001159703360086000
0.87054048280281993000
0.70647297585985902000
0.80336924344615013000
0.87182226020081177000
0.11535996581926938000
0.21921445356608782000
0.72661519211401715000
0.32462538529618212000
0.07376323740348521300
0.61549729911191142000
0.40610980559709464000
0.70925016022217480000
0.08499404889065218000
0.11355937376018556000
0.26190984832300790000
0.26264229255043181000
0.65947447126682335000
0.96993926816614273000
0.88848536637470621000
0.65715506454664752000
0.17813653981139560000
0.04663228247932371000
0.94851527451399276000
0.25040437025055695000
0.69185460982085634000
0.23593859675893430000
0.52604754783776364000
0.36448255867183449000
0.91381572923978394000
0.96121097445600756000
0.78194524979400004000
0.56318857387005217000
0.99923703726310009000
0.47248756370738854000
0.25598925748466445000
0.39603869747001558000
0.20590838343455306000
0.15625476851710562000
0.65944395275734735000
0.57783745841853085000
0.02935880611590930100
0.57713553270058293000
0.50117496261482586000
0.07245094149601732900
0.90627765739921262000
0.47090060121463667000
0.39182714316232797000
0.04986724448377941000
0.08005005035554063600
0.40742210150456254000
0.36939603869747001000
0.18485061189611499000
0.72249519333475754000
0.34253975035859247000
0.08996856593523971900
0.26609088412121951000
0.90453810235908083000
0.77675710318308056000
0.22757652516251106000
0.58488723410748622000
0.51100192266609701000
0.74080629902035589000
0.92669454023865472000
0.07162694174016541500
0.69191564683980833000
0.32554094058046207000
0.65114291817987613000
0.64934232612079223000
0.94500564592425307000
0.97601245155186622000
0.27338480788598285000
0.77248451185644096000
0.42265083773308509000
0.26737266151921141000
0.74788659321878714000
0.62022766808069096000
0.55742057557908875000
0.38270210882900479000
0.21179845576342052000
0.91280861842707606000
0.59920041505172883000
0.00997955259865108270
0.85763115329447315000
0.81945249794000063000
0.15887936033204139000
0.87841425824762720000
0.42072817163609727000
0.92724387340922265000
0.35117648854029970000
0.65150914029358808000
0.62611774040955837000
0.73876155888546402000
0.63081759086886191000
0.39704580828272346000
0.43769646290475173000
0.66829432050538651000
0.91610461745048377000
0.35135959959715568000
0.45432905056917022000
0.00448622089297158730
0.09308145390179144200
0.19766838587603380000
0.29575487533188877000
0.80870998260444960000
0.49461348307748648000
0.57658619953001500000
0.32276375621814629000
0.21753593554490799000
0.44734031189916684000
0.04794457838679158600
0.53511154515213477000
0.11865596484267708000
0.48124637592699970000
0.22266304513687551000
0.99063081759086891000
0.66808069093905453000
0.29474776451918089000
0.28290658284249398000
0.58995330668050172000
0.61827448347422709000
0.06961272011474960200
0.60994293038727987000
0.56993316446424758000
0.92547379985961487000
0.22904141361735894000
0.73827326273384808000
0.55003509628589742000
0.60490737632374036000
0.23300881984923857000
0.35438093203527937000
0.47492904446546830000
0.30307931760612811000
0.50447096163823357000
0.55934324167607652000
0.29755546739097261000
0.55540635395367288000
0.07992797631763665100
0.11386455885494552000
0.74611651966917936000
0.19815668202764977000
0.07876827295754874900
0.88442640461439859000
0.01870784630878627800
0.90362254707480083000
0.58436841944639428000
0.20929593798638874000
0.74959562974944305000
0.30668050172429578000
0.03115939817499313200
0.40345469527268291000
0.09051789910580766700
0.69255653553880425000
0.69145786919766838000
0.12057863093966491000
0.25125888851588490000
0.71312601092562644000
0.35526596881008332000
0.79158909878841521000
0.34257026886806846000
0.10187078463087863000
0.79781487472151857000
0.85778374584185313000
0.86602374340037236000
0.85537278359324931000
0.12710959196752830000
0.01779229102450636400
0.69362468337046423000
0.85024567400128181000
0.60710470900601210000
0.20715964232306894000
0.88189336832789089000
0.36457411420026248000
0.04812768944364757100
0.52855006561479534000
0.16333506271553697000
0.47245704519791254000
0.36045411542100286000
0.85244300668355355000
0.45948667867061371000
0.77996154667806028000
0.36301767021698661000
0.30619220557267984000
0.25919370097964417000
0.47202978606524859000
0.44199957274086732000
0.37067781609546191000
0.20593890194402906000
0.13858455153050325000
0.15280617694631793000
0.80281991027558219000
0.73793755912961212000
0.34849085970641192000
0.35914181951353497000
0.10345774712363048000
0.12436292611468856000
0.44044312875759151000
0.00280770287179174170
0.74858851893673517000
0.74245429853205969000
0.49958800012207405000
0.09830011902218695200
0.90307321390423290000
0.93789483321634570000
0.98803674428540911000
0.04559465315713980700
0.83556627094332714000
0.31348612933744319000
0.99877925962096015000
0.85522019104586933000
0.75341044343394270000
0.78899502548295541000
0.60127567369609669000
0.37891781365398114000
0.27607043671987058000
0.27628406628620256000
0.24750511185033722000
0.14035462508011110000
0.26621295815912349000
0.31363872188482317000
0.70751060518204290000
0.85869930112613302000
0.23657948545793023000
0.50242622150334182000
0.50263985106967379000
0.25962096011230812000
0.05218665120395520100
0.09060945463423567000
0.30610065004425185000
0.26703695791497545000
0.14597003082369456000
0.54637287514877775000
0.27860347300637839000
0.16953032013916441000
0.96697897274697109000
0.46562089907528914000
0.80849635303811762000
0.85512863551744134000
0.87942136906033508000
0.65739921262245549000
0.62492751853999451000
0.70796838282418284000
0.23224585711233864000
0.75057222205267493000
0.75289162877285076000
0.26123844111453598000
0.81676686910611285000
0.16605121005890072000
0.27854243598742640000
0.19937742240668965000
0.43198950163274025000
0.79775383770256658000
0.39420758690145574000
0.80376598406933808000
0.77623828852198862000
0.24619281594286935000
0.69106112857448043000
0.43546861171300394000
0.38337351603747671000
0.94909512619403669000
0.16885891293069247000
0.14902188177129430000
0.82302316354869232000
0.05142368846705527200
0.93118076113162629000
0.03051850947599719200
0.88299203466902676000
0.36036255989257487000
0.03469954527420880700
0.35438093203527937000
0.95287942136906034000
0.22699667348246710000
0.46198919644764552000
0.15192114017151404000
0.32779931028168585000
0.70043031098361153000
0.68565935239722897000
0.28614154484694970000
0.65062410351878419000
0.79638050477614675000
0.79335917233802300000
0.62569048127689442000
0.21146275215918456000
0.22534867397076327000
0.64180425428022092000
0.41254921109653003000
0.32383190404980622000
0.42310861537522509000
0.00918607135227515570
0.41676076540421764000
0.49519333475753047000
0.22779015472884304000
0.21408734397412030000
0.97180089724417862000
0.61149937437055579000
0.04742576372569963500
0.16995757927182836000
0.48469496749778740000
0.85399945066682947000
0.86111026337473673000
0.34415723136082033000
0.51478621784112066000
0.56736960966826377000
0.89809869685964538000
0.58980071413312174000
0.01397747734000671400
0.79766228217413859000
0.33848078859828484000
0.31931516464735860000
0.82348094119083226000
0.71883297219763787000
0.87893307290871914000
0.98898281807916499000
0.01956236457411419900
0.66695150608844267000
0.50740073854792933000
0.36219367046113465000
0.20340586565752128000
0.00027466658528397473
0.33072908719138155000
0.52131717886898399000
0.32724997711111792000
0.50462355418561355000
0.79866939298684647000
0.09576708273567918800
0.15204321420941802000
0.56193731498153632000
0.16788232062746056000
0.67638172551652576000
0.92931913205359051000
0.80166020691549422000
0.55061494796594135000
0.88314462721640674000
0.40156254768517108000
0.45316934720908231000
0.39011810663167212000
0.05688650166325876600
0.71480452894680624000
0.11807611316263314000
0.70848719748527478000
0.04223761711478011400
0.33680227057710499000
0.18131046479689933000
0.96914578691976683000
0.03115939817499313200
0.57515182958464306000
0.57939390240180666000
0.89852595599230933000
0.93600268562883393000
0.78835413678395949000
0.14517654957731865000
0.11044648579363384000
0.26029236732078004000
0.88451796014282658000
0.24735251930295724000
0.87716299935911135000
0.93679616687520983000
0.20035401470992156000
0.94363231299783323000
0.89013336588641012000
0.10049745170445876000
0.35529648731955932000
0.36631366924039432000
0.35538804284798731000
0.26657918027283545000
0.17361980040894803000
0.55922116763817253000
0.26630451368755148000
0.88070314645832692000
0.26877651295510729000
0.48420667134617146000
0.19785149693288981000
0.71169164098025450000
0.38361766411328468000
0.41673024689474164000
0.46613971373638113000
0.05447553941465498700
0.08023316141239661400
0.44856105227820675000
0.99707022309030424000
0.21250038148136846000
0.87322611163670771000
0.31681264687032684000
0.74739829706717120000
0.22788171025727103000
0.39973143711661124000
0.27780999176000243000
0.02267525254066591500
0.32859279152806176000
0.72090823084200573000
0.24460585345011748000
0.53517258217108676000
0.06131168553727835800
0.34742271187475204000
0.90716269417401652000
0.54573198644978183000
0.57823419904171880000
0.08368175298318429600
0.05322428052613910300
0.93368327890865810000
0.04718161564989165800
0.28403576769310585000
0.80980864894558546000
0.53779717398602256000
0.65349284340952785000
0.61494796594134338000
0.02249214148380993000
0.61290322580645162000
0.16217535935544908000
0.91647083956419573000
0.49299600207525862000
0.74520096438489947000
0.50993377483443714000
0.25754570146794031000
0.29236732078005312000
0.07037568285164952400
0.39454329050569170000
0.77803888058107240000
0.86919766838587609000
0.13827936643574329000
0.33155308694723351000
0.41172521134067813000
0.17169713431196021000
0.26779992065187536000
0.14639728995635853000
0.08407849360637226200
0.50199896237067787000
0.73564867091891228000
0.37061677907650992000
0.47813348796044802000
0.32172612689596242000
0.64293343913083290000
0.51130710776085697000
0.96255378887295140000
0.72746971037934505000
0.80327768791772214000
0.66237372966704311000
0.77568895535142068000
0.81478316599017309000
0.49607837153233436000
0.42628254036072877000
0.05914487136448255700
0.64995269631031216000
0.42881557664723657000
0.61507003997924736000
0.83468123416852325000
0.06759849848933377500
0.75203711050752287000
0.69945371868037964000
0.51814325388348037000
0.01342814416943876500
0.47080904568620868000
0.47471541489913632000
0.06454664754173405900
0.65037995544297611000
0.09659108249153111600
0.91219824823755613000
0.33756523331400495000
0.94753868221076087000
0.88290047914059877000
0.66493728446302680000
0.79720450453199865000
0.96993926816614273000
0.48854029969176305000
0.19653920102542191000
0.09988708151493881600
0.58848841822565390000
0.41297647022919398000
0.00173955504013184000
0.70448927274391915000
0.82845545823541977000
0.04605243079927976600
0.88756981109042632000
0.07736442152165287600
0.57539597766045103000
0.67754142887661362000
0.78359324930570395000
0.59163182470168152000
0.85720389416180909000
0.30866420484023560000
0.05059968871120334300
0.71260719626453439000
0.42124698629718926000
0.61082796716208376000
0.75591296121097451000
0.56489761040070807000
0.82500686666463208000
0.87386700033570364000
0.88384655293435466000
0.47379985961485643000
0.75908688619647813000
0.28894924771874142000
0.95120090334788054000
0.57475508896145511000
0.82177190466017636000
0.40879543443098237000
0.99530014954069645000
0.08551286355174413100
0.46293527024140141000
0.12933744315927609000
0.40382091738639486000
0.33368938261055331000
0.31720938749351479000
0.03704947050386059300
0.55552842799157687000
0.13400677510910367000
0.64409314249092076000
0.46476638080996124000
0.73979918820764790000
0.60924100466933195000
0.09445478682821130400
0.10046693319498276000
0.32471694082461011000
0.04766991180150761300
0.52208014160588401000
0.49262977996154667000
0.64162114322336494000
0.89202551347392189000
0.05850398266548662000
0.29560228278450879000
0.55519272438734091000
0.45249794000061039000
0.17081209753715629000
0.59913937803277684000
0.18814661091952270000
0.43855098117007968000
0.91998046815393542000
0.18561357463301492000
0.76860866115298931000
0.90258491775261696000
0.13965269936216315000
0.05859553819391460900
0.06949064607684560200
0.68944364757225252000
0.75347148045289469000
0.08697775200659199600
0.40842921231727042000
0.98568681905575728000
0.94958342234565263000
0.10763878292184209000
0.67683950315866570000
0.06207464827417828700
0.43150120548112431000
0.33124790185247355000
0.36722922452467421000
0.80343028046510212000
0.46409497360148932000
0.39432966093935973000
0.06717123935666982600
0.11886959440900906000
0.93279824213385421000
0.90163884395886107000
0.38892788476210821000
0.82714316232795193000
0.13559373760185553000
0.80245368816187013000
0.80327768791772214000
0.10998870815149388000
0.52604754783776364000
0.44474623859370710000
0.34635456404309212000
0.12796411023285623000
0.12619403668324838000
0.65071565904721218000
0.66847743156224249000
0.89159825434125795000
0.82839442121646778000
0.65752128666035947000
0.39335306863612779000
0.98263496810815765000
0.30405590990936004000
0.26706747642445144000
0.25659962767418437000
0.21845149082918791000
0.73915829950865197000
0.04861598559526352600
0.99233985412152470000
0.85363322855311752000
0.11426129947813349000
0.93777275917844172000
0.43665883358256785000
0.41221350749229407000
0.24832911160618915000
0.07544175542466506600
0.81646168401135288000
0.74492629779961550000
0.32505264442884607000
0.23160496841334269000
0.69280068361461222000
0.40430921353801080000
0.12018189031647694000
0.65569017609179969000
0.52708517715994752000
0.93237098300119026000
0.64891506698812829000
0.69936216315195165000
0.33915219580675682000
0.15375225074007384000
0.45188756981109041000
0.05401776177251502900
0.42603839228492080000
0.06897183141575365100
0.23859370708334604000
0.94766075624866486000
0.60966826380199590000
0.44038209173863946000
0.10702841273232215000
0.14395580919827874000
0.98303170873134560000
0.66579180272835470000
0.05825983458967864300
0.08844264046143986100
0.62282174138615065000
0.03256324961088900200
0.02441480758079775400
0.04443494979705191200
0.23789178136539813000
0.94686727500228884000
0.12958159123508409000
0.56318857387005217000
0.22171697134311960000
0.23035370952482681000
0.40137943662831510000
0.13165684987945189000
0.07812738425855281200
0.08011108737449262900
0.65282143620105593000
0.34195989867854854000
0.68874172185430460000
0.78337961973937198000
0.75258644367809080000
0.42573320719016083000
0.39097262489700002000
0.78264717551194796000
0.00289925840021973330
0.49778740806299021000
0.33539841914120916000
0.18375194555497909000
0.84353160191656240000
0.35233619190038756000
0.09094515823847162900
0.30118717001861628000
0.60054322946867278000
0.15576647236548968000
0.96728415784173105000
0.33417767876216925000
0.49909970397045811000
0.87960448011719106000
0.02215643787957396300
0.76763206884975743000
0.65831476790673549000
0.81743827631458477000
0.22379222998748741000
0.59089938047425761000
0.28736228522598956000
0.02966399121066927100
0.73561815240943629000
0.92944120609149450000
0.80178228095339821000
0.05975524155400250400
0.79314554277169103000
0.18149357585375531000
0.07791375469222083800
0.76552629169591357000
0.14148380993072299000
0.25513473921933655000
0.56550798059022800000
0.60960722678304391000
0.50193792535172577000
0.99807733390301223000
0.47563097018341627000
0.25263222144230474000
0.03665272988067262700
0.41486861781670581000
0.76430555131687372000
0.79280983916745507000
0.28028199102755824000
0.76506851405377363000
0.12915433210242011000
0.49571214941862241000
0.50691244239631339000
0.13568529313028352000
0.73912778099917598000
0.35831781975768301000
0.00149540696432386240
0.58232367931150242000
0.91463972899563584000
0.35041352580339974000
0.20432142094180120000
0.43217261268959622000
0.47831659901730400000
0.67769402142399360000
0.19702749717703788000
0.84304330576494646000
0.99410992767113249000
0.91009247108371227000
0.49955748161259805000
0.21182897427289651000
0.61366618854335153000
0.31904049806207463000
0.64613788262581251000
0.52662739951780757000
0.74932096316415908000
0.26743369853816340000
0.50929288613544110000
0.25559251686147649000
0.29145176549577317000
0.99633777886288033000
0.84093752861110260000
0.86690878017517625000
0.59016693624683370000
0.65135654774620810000
0.99853511154515218000
0.57329020050660728000
0.91863765373699147000
0.89367351298562581000
0.32609027375103000000
0.39481795709097567000
0.63835566270943322000
0.93841364787743764000
0.15787224951933349000
0.13400677510910367000
0.78380687887203593000
0.36448255867183449000
0.91384624774925993000
0.35657826471755122000
0.28595843379009367000
0.53984191412091431000
0.25595873897518845000
0.97183141575365461000
0.55339213232825712000
0.00564592425305948060
0.77361369670705282000
0.50654622028260143000
0.62907803582873012000
0.66316721091341901000
0.16684469130527665000
0.66594439527573468000
0.64275032807397692000
0.10693685720389416000
0.39695425275429547000
0.27524643696401868000
0.77632984405041661000
0.94878994109927672000
0.77214880825220500000
0.19635608996856593000
0.46223334452345349000
0.47495956297494429000
0.43754387035737174000
0.31232642597735527000
0.03250221259193700900
0.48185674611651969000
0.23856318857387004000
0.17438276314584797000
0.53822443311868651000
0.63255714590899381000
0.42576372569963683000
0.40452284310434278000
0.95721304971465193000
0.17896053956724753000
0.17026276436658833000
0.44795068208868677000
0.50938444166386909000
0.39292580950346384000
0.35871456038087102000
0.76860866115298931000
0.29831843012787257000
0.54985198522904144000
0.63600573747978151000
0.08209479049043244500
0.99758903775139618000
0.80901516769920956000
0.16498306222724082000
0.71935178685872980000
0.80074465163121433000
0.83407086397900332000
0.07165746024964141100
0.71468245490890225000
0.35404522843104341000
0.49745170445875425000
0.04458754234443190100
0.71257667775505840000
0.88988921781060215000
0.51274147770622880000
0.05752739036225471000
0.28641621143223367000
0.28049562059389022000
0.33808404797509689000
0.68370616779076510000
0.76302377391888176000
0.23023163548692283000
0.19534897915585803000
0.97070223090304264000
0.14676351207007049000
0.32523575548570210000
0.54792931913205356000
0.34455397198400828000
0.23734244819483016000
0.15915402691732536000
0.88140507217627495000
0.51222266304513686000
0.53419598986785488000
0.25415814691610461000
0.13052766502884000000
0.83028656880397966000
0.02215643787957396300
0.99520859401226847000
0.59697256385998110000
0.10971404156620991000
0.43162327951902829000
0.29694509720145268000
0.70021668141727955000
0.32474745933408611000
0.06692709128086184200
0.22186956389049958000
0.40681173131504256000
0.19458601641895809000
0.79702139347514267000
0.26813562425611132000
0.68108157597582930000
0.10736411633655812000
0.30185857722708825000
0.54625080111087376000
0.80071413312173834000
0.35425885799737539000
0.16867580187383649000
0.56312753685110017000
0.88158818323313093000
0.14304025391399883000
0.93111972411267430000
0.83242286446729941000
0.45536667989135410000
0.35972167119357890000
0.64595477156895653000
0.02941984313486129300
0.44343394268623920000
0.54692220831934568000
0.10049745170445876000
0.91021454512161626000
0.37110507522812586000
0.06775109103671377000
0.24448377941221350000
0.71260719626453439000
0.16589861751152074000
0.92422254097109902000
0.94061098055970949000
0.25876644184698017000
0.38355662709433269000
0.19827875606555376000
0.62681966612750628000
0.47746208075197605000
0.20520645771660512000
0.58516190069277019000
0.98477126377147739000
0.56508072145756405000
0.05041657765434736500
0.98678548539689326000
0.20773949400311290000
0.50410473952452162000
0.14850306711020234000
0.63478499710074165000
0.96197393719290747000
0.15765861995300148000
0.91317484054078801000
0.71147801141392253000
0.63493758964812164000
0.65907773064363540000
0.46317941831720938000
0.93768120365001373000
0.96481215857417524000
0.31507309183019500000
0.13370159001434370000
0.09588915677358317300
0.64421521652882474000
0.74135563219092382000
0.32114627521591843000
0.95803704947050383000
0.99255348368785667000
0.44950712607196264000
0.50617999816888948000
0.58601641895809808000
0.29023102511673332000
0.60356456190679653000
0.79796746726889856000
0.47428815576647237000
0.86904507583849600000
0.16547135837885676000
0.84368419446394238000
0.50273140659810178000
0.55180516983550520000
0.14792321543015838000
0.44709616382335887000
0.16907254249702444000
0.53566087832270270000
0.19330423902096622000
0.73989074373607588000
0.06915494247260964300
0.31235694448683127000
0.19754631183812982000
0.24918362987151707000
0.09411908322397534400
0.71935178685872980000
0.19782097842341381000
0.70583208716086310000
0.31299783318582719000
0.71553697317423015000
0.24234748374889370000
0.93615527817621391000
0.00985747856074709400
0.97546311838129829000
0.46180608539078949000
0.68169194616534934000
0.84380626850184637000
0.89547410504470959000
0.06021301919614246300
0.69051179540391250000
0.60063478499710077000
0.10583819086275827000
0.44477675710318310000
0.92339854121524700000
0.50541703543198946000
0.08246101260414441500
0.21308023316141239000
0.21948912015137181000
0.56413464766380805000
0.95184179204687647000
0.21640675069429610000
0.26435132908108766000
0.90328684347056487000
0.08331553086947234000
0.41807306131168553000
0.20447401348918118000
0.57655568102053900000
0.56212042603839230000
0.76525162511062961000
0.75231177709280683000
0.80675679799798583000
0.13684499649037141000
0.79348124637592699000
0.12491225928525651000
0.13229773857844782000
0.73570970793786428000
0.18216498306222725000
0.66081728568376719000
0.42652668843653674000
0.14435254982146672000
0.98004089480269785000
0.45777764213995786000
0.25888851588488421000
0.94003112887966556000
0.71919919431134982000
0.87624744407483135000
0.56685079500717184000
0.27503280739768671000
0.13681447798089541000
0.25159459212012086000
0.10672322763756219000
0.60374767296365250000
0.72286141544846949000
0.65923032319101538000
0.65300454725791190000
0.94659260841700488000
0.81252479628894925000
0.07589953306680501100
0.41401409955137791000
0.78487502670369580000
0.44288460951567127000
0.78164006469924008000
0.63356425672170169000
0.18045594653157140000
0.69136631366924040000
0.34525589770195625000
0.84652241584521015000
0.21353801080355236000
0.71584215826899011000
0.03802606280709250300
0.75774407177953429000
0.33259071626941739000
0.21430097354045227000
0.01846369823297830000
0.21250038148136846000
0.71022675252540668000
0.52363658558915982000
0.13260292367320781000
0.22779015472884304000
0.19864497817926571000
0.07516708883938108500
0.67305520798364205000
0.55256813257240511000
0.97848445081942192000
0.42719809564500871000
0.94085512863551746000
0.72631000701925719000
0.49464400158696248000
0.59166234321115752000
0.95406964323862420000
0.10431226538895841000
0.77309488204596089000
0.87502670369579150000
0.14612262337107457000
0.81853694265572075000
0.71230201116977443000
0.95138401440473652000
0.39863277077547532000
0.14252143925290689000
0.44288460951567127000
0.38673055207983642000
0.25156407361064487000
0.22977385784478285000
0.34955900753807184000
0.33314004943998538000
0.63512070070497761000
0.69365520187994023000
0.84881130405590988000
0.61174352244636376000
0.96673482467116301000
0.99780266731772815000
0.51612903225806450000
0.90292062135685291000
0.95721304971465193000
0.12591937009796442000
0.65684987945188755000
0.26282540360728784000
0.96932889797662281000
0.49989318521683401000
0.91381572923978394000
0.68486587115085296000
0.27320169682912687000
0.61403241065706349000
0.00601214636677144690
0.92471083712271496000
0.04181035798211615200
0.35557115390484328000
0.19205298013245034000
0.30765709402752772000
0.43034150212103639000
0.47904904324472791000
0.55140842921231725000
0.73760185552537616000
0.58342234565263829000
0.20377208777123326000
0.67842646565141762000
0.62532425916318246000
0.91384624774925993000
0.40324106570635088000
0.88189336832789089000
0.95593127231666009000
0.49647511215552231000
0.35505233924375135000
0.48405407879879148000
0.21344645527512437000
0.92120120853297527000
0.51997436445204015000
0.31336405529953915000
0.38181707205420085000
0.44846949674977876000
0.31919309060945461000
0.98409985656300547000
0.74037903988769194000
0.81148716696676537000
0.37842951750236520000
0.05670339060640278200
0.67369609668263797000
0.50852992339854119000
0.20737327188940091000
0.67323831904049802000
0.21308023316141239000
0.92941068758201850000
0.78359324930570395000
0.76055177465132606000
0.52992339854121528000
0.15927610095522934000
0.00949125644703512770
0.39609973448896757000
0.09839167455061495500
0.80462050233466598000
0.51097140415662101000
0.42933439130832851000
0.74736777855769521000
0.68355357524338511000
0.74669637134922329000
0.95278786584063235000
0.31916257209997861000
0.72597430341502123000
0.89657277138584557000
0.71642200994903404000
0.15500350962858975000
0.92596209601123081000
0.49848933378093813000
0.07928708761864070000
0.12512588885158848000
0.69069490646076848000
0.30158391064180423000
0.59187597277748960000
0.42252876369518111000
0.42979216895046846000
0.30527665028839990000
0.80303353984191417000
0.83928952909939880000
0.72853785821100503000
0.45237586596270640000
0.38547929319132052000
0.74391918698690751000
0.94869838557084873000
0.94558549760429700000
0.17319254127628406000
0.47874385814996795000
0.60112308114871671000
0.65526291695913574000
0.20477919858394117000
0.39594714194158759000
0.33332316049684135000
0.58842738120670190000
0.36640522476882231000
0.25095370342112489000
0.87612537003692736000
0.88634907071138647000
0.72801904354991298000
0.17203283791619617000
0.79308450575273903000
0.32068849757377849000
0.16693624683370464000
0.92483291116061894000
0.37638477736747339000
0.75630970183416246000
0.37199011200292975000
0.69054231391338849000
0.53288369396038693000
0.54945524460585349000
0.82244331186864839000
0.07663197729422895100
0.00427259132663960690
0.35044404431287574000
0.83520004882961518000
0.57853938413647876000
0.76485488448744166000
0.27930539872432630000
0.27417828913235875000
0.21137119663075654000
0.94085512863551746000
0.94329660939359716000
0.01562547685171056200
0.53038117618335523000
0.09500411999877926600
0.26474806970427567000
0.76274910733359780000
0.75865962706381418000
0.22003845332193975000
0.58861049226355788000
0.30396435438093206000
0.24121829889828181000
0.28501235999633778000
0.03747672963652455600
0.80831324198126164000
0.94387646107364120000
0.67793816949980168000
0.58412427137058631000
0.25131992553483690000
0.21573534348582415000
0.38889736625263222000
0.80880153813287758000
0.56611835077974793000
0.53428754539628287000
0.27692495498519853000
0.81148716696676537000
0.61229285561693170000
0.45155186620685445000
0.26474806970427567000
0.24680318613238930000
0.55717642750328078000
0.46015808587908569000
0.80498672444837793000
0.95098727378154846000
0.76299325540940577000
0.99804681539353612000
0.46150090029602953000
0.12900173955504013000
0.77343058565019684000
0.31073946348460341000
0.94991912594988859000
0.57152012695699939000
0.49388103885006257000
0.38969084749900817000
0.48057496871852778000
0.86941129795220806000
0.15839106418042542000
0.70549638355662714000
0.74840540787987919000
0.09533982360301522500
0.17786187322611163000
0.95492416150395210000
0.41254921109653003000
0.92095706045716730000
0.46259956663716545000
0.54011658070619828000
0.41044343394268623000
0.63798944059572127000
0.31327249977111116000
0.99945066682943207000
0.94912564470351268000
0.05288857692190313700
0.47407452620014040000
0.10760826441236609000
0.51847895748771633000
0.72301400799584947000
0.44169438764610736000
0.86510818811609236000
0.76949369792779321000
0.50315866573076573000
0.62376781517990665000
0.09445478682821130400
0.60155034028138066000
0.87194433423871576000
0.44099246192815944000
0.86327707754753258000
0.30234687337870420000
0.00555436872463148900
0.96603289895321509000
0.45164342173528244000
0.08456678975798821700
0.06900234992522964700
0.19339579454939421000
0.08355967894528031100
0.86248359630115667000
0.69231238746299628000
0.53410443433942689000
0.14072084719382305000
0.61262855922116766000
0.10119937742240669000
0.62831507309183021000
0.07736442152165287600
0.16241950743125705000
0.87118137150181585000
0.07055879390850551500
0.75508896145512250000
0.75002288888210700000
0.77278969695120092000
0.14038514358958709000
0.41645558030945767000
0.19937742240668965000
0.67799920651875367000
0.13284707174901578000
0.01580858790856654700
0.05462813196203497600
0.99548326059755243000
0.38242744224372083000
0.12656025879696037000
0.51673940244758443000
0.60399182103946047000
0.57371745963927123000
0.14294869838557084000
0.52708517715994752000
0.75298318430127875000
0.43339335306863613000
0.99606311227759636000
0.84090701010162661000
0.89800714133121740000
0.39652699362163152000
0.10153508102664266000
0.43498031556138800000
0.94112979522080142000
0.34134952848902861000
0.75936155278176209000
0.09292886135441144600
0.84395886104922635000
0.98605304116946924000
0.72264778588213752000
0.51207007049775688000
0.08252204962309640800
0.04144413586840418900
0.15576647236548968000
0.77538377025666061000
0.91308328501236002000
0.71358378856776639000
0.69960631122775963000
0.53254799035615097000
0.91647083956419573000
0.64897610400708028000
0.86294137394329662000
0.73384807885982850000
0.79140598773155924000
0.91772209845271158000
0.45893734550004578000
0.26023133030182805000
0.86373485518967252000
0.12707907345805231000
0.30533768730735189000
0.29389324625385294000
0.28196050904873804000
0.25962096011230812000
0.90667439802240057000
0.77275917844172493000
0.36649678029725030000
0.33002716147343364000
0.33811456648457289000
0.77260658589434494000
0.08227790154728843700
0.45359660634174626000
0.04910428174687948100
0.16083254493850521000
0.10312204351939451000
0.42103335673085729000
0.80550553910946987000
0.36533707693716239000
0.43659779656361586000
0.37247840815454575000
0.48927274391918701000
0.60246589556566055000
0.07806634723960082000
0.66518143253883477000
0.97445600756859030000
0.40751365703299053000
0.66319772942289501000
0.52809228797265539000
0.79778435621204258000
0.81209753715628530000
0.58662678914761801000
0.59749137852107304000
0.84325693533127843000
0.01126132999664296500
0.55684072389904482000
0.92690816980498669000
0.75896481215857414000
0.86498611407818837000
0.05481124301889096100
0.56584368419446396000
0.32511368144779806000
0.07715079195532090200
0.66609698782311477000
0.30021057771538440000
0.49204992828150274000
0.39625232703634755000
0.75432599871822259000
0.64894558549760428000
0.30674153874324778000
0.68099002044740131000
0.44563127536851099000
0.70989104892117072000
0.44712668233283487000
0.17520676290169987000
0.39216284676656393000
0.94936979277932065000
0.58198797570726646000
0.83538315988647116000
0.28360850856044190000
0.52861110263374733000
0.27637562181463060000
0.05450605792413098400
0.57567064424573500000
0.26132999664296397000
0.66032898953215124000
0.62654499954222231000
0.40397350993377484000
0.79552598651081885000
0.58009582811975469000
0.29441206091494493000
0.15231788079470199000
0.11392559587389751000
0.45060579241309856000
0.72612689596240121000
0.64391003143406478000
0.94656208990752888000
0.52775658436841943000
0.26203192236091188000
0.42445142979216893000
0.18884853663747062000
0.81948301644947663000
0.27771843623157444000
0.10592974639118626000
0.91994994964445942000
0.35413678395947140000
0.50544755394146546000
0.23929563280129398000
0.11358989226966155000
0.02514725180822168600
0.15872676778466141000
0.68562883388775298000
0.63682973723563341000
0.73049104281746879000
0.20300912503433333000
0.95373393963438824000
0.62916959135715811000
0.02584917752616962300
0.61702322458571124000
0.47358623004852440000
0.85647144993438518000
0.01043733024079104000
0.98760948515274516000
0.27396465956602678000
0.13324381237220373000
0.66353343302713097000
0.28266243476668601000
0.03302102725302896000
0.40693380535294654000
0.35132908108767968000
0.14563432721945860000
0.97079378643147074000
0.59813226722006896000
0.72231208227790156000
0.55470442823572497000
0.55204931791131318000
0.79049043244727923000
0.71010467848750269000
0.19159520249031037000
0.46891689809869685000
0.86367381817072053000
0.86226996673482470000
0.36271248512222665000
0.87093722342600788000
0.16394543290505692000
0.71449934385204628000
0.81701101718192082000
0.31226538895840328000
0.30515457625049591000
0.42786950285348063000
0.30375072481460008000
0.38450270088808863000
0.69444868312631614000
0.40910061952574234000
0.21472823267311625000
0.50355540635395368000
0.87649159215063932000
0.13159581286049990000
0.15384380626850186000
0.81963560899685661000
0.28959013641773734000
0.87658314767906731000
0.77825251014740437000
0.71916867580187382000
0.52790917691579942000
0.61268959624011965000
0.75487533188879052000
0.88723410748619036000
0.70305490279854732000
0.73348185674611655000
0.17575609607226783000
0.39909054841761527000
0.99917600024414810000
0.87047944578386793000
0.27622302926725056000
0.80999176000244144000
0.01507614368114261300
0.50160222174748981000
0.79949339274269848000
0.71166112247077851000
0.98739585558641318000
0.57313760795922730000
0.85152745139927366000
0.72444837794122130000
0.48796044801171912000
0.85402996917630547000
0.58989226966154973000
0.39350566118350777000
0.69005401776177255000
0.24134037293618579000
0.59031952879421368000
0.95846430860316778000
0.79638050477614675000
0.73604541154210024000
0.23480941190832239000
0.46430860316782130000
0.72301400799584947000
0.30674153874324778000
0.96490371410260323000
0.18347727896969512000
0.63301492355113376000
0.36152226325266273000
0.74382763145847952000
0.81667531357768486000
0.41337321085238199000
0.04553361613818781400
0.57182531205175935000
0.44199957274086732000
0.68898586993011257000
0.08377330851161229900
0.39732047486800742000
0.68095950193792532000
0.46754356517227696000
0.38721884823145236000
0.26886806848353528000
0.04971465193639942900
0.00918607135227515570
0.14172795800653096000
0.07077242347483749000
0.96514786217841120000
0.01416058839686269700
0.59797967467268898000
0.68663594470046085000
0.37311929685354167000
0.72298348948637348000
0.28107547227393415000
0.93408001953184605000
0.46964934232612077000
0.02209540086062196700
0.83944212164677878000
0.11514633625293741000
0.48161259804071171000
0.14947965941343425000
0.25028229621265297000
0.52546769615771971000
0.97729422894985807000
0.09335612048707540900
0.60216071047090058000
0.76589251380962553000
0.67494735557115393000
0.27814569536423839000
0.17169713431196021000
0.20108645893734550000
0.21790215765861995000
0.63115329447309798000
0.01437421796319467800
0.40812402722251045000
0.88558610797448656000
0.62410351878414261000
0.78771324808496357000
0.95901364177373583000
0.70836512344737079000
0.38276314584795679000
0.02542191839350566000
0.38096255378887295000
0.95602282784508807000
0.45878475295266580000
0.58177434614093448000
0.63841669972838522000
0.46736045411542099000
0.35755485702078310000
0.46436964018677329000
0.97988830225531787000
0.79113132114627527000
0.41529587694936981000
0.77449873348185672000
0.49403363139744255000
0.60533463545640431000
0.11996826075014497000
0.97366252632221439000
0.21848200933866391000
0.38547929319132052000
0.46888637958922086000
0.19483016449476609000
0.14508499404889066000
0.78911709952085940000
0.45747245704519790000
0.81771294289986873000
0.96530045472579118000
0.72582171086764125000
0.29242835779900511000
0.02603228858302560400
0.89974669637134919000
0.58195745719779046000
0.42350535599841305000
0.56645405438398388000
0.45533616138187810000
0.56813257240516368000
0.98699911496322523000
0.42689291055024875000
0.45408490249336220000
0.65840632343516348000
0.75548570207831045000
0.65398113956114379000
0.17694631794183172000
0.09024323252052370000
0.18701742606891081000
0.02764976958525345800
0.96670430616168701000
0.89388714255195778000
0.66771446882534258000
0.81209753715628530000
0.13351847895748772000
0.41914120914334546000
0.54121524704733426000
0.30133976256599626000
0.50743125705740533000
0.32984405041657766000
0.01944029053621021100
0.37891781365398114000
0.48017822809533983000
0.03311258278145695600
0.56767479476302374000
0.80962553788872949000
0.88201544236579488000
0.01342814416943876500
0.85784478286080512000
0.13864558854945525000
0.86104922635578474000
0.34318063905758844000
0.27069917905209512000
0.51536606952116459000
0.06817835016937773300
0.61531418805505544000
0.84206671346171458000
0.61815240943632310000
0.93722342600787378000
0.47135837885677662000
0.46620075075533313000
0.21778008362071596000
0.00039674062318796350
0.04257332071901608100
0.24707785271767327000
0.76653340250862145000
0.25959044160283212000
0.49308755760368661000
0.95138401440473652000
0.60008545182653283000
0.26938688314462722000
0.91979735709707933000
0.70030823694570754000
0.65337076937162386000
0.21085238196966460000
0.18848231452375866000
0.63594470046082952000
0.40852076784569841000
0.29902035584582048000
0.17386394848475600000
0.65602587969603565000
0.29438154240546893000
0.36829737235633414000
0.37272255623035372000
0.81078524124881746000
0.25550096133304850000
0.97930845057527394000
0.35877559739982301000
0.45564134647663806000
0.71013519699697869000
0.89074373607593005000
0.04831080050050355600
0.75359355449079868000
0.61552781762138742000
0.24063844721823785000
0.24497207556382947000
0.62068544572283091000
0.85946226386303293000
0.28003784295175022000
0.43253883480330818000
0.70909756767479482000
0.69646290475173189000
0.00314340647602771080
0.28455458235419784000
0.52058473464156008000
0.44813379314554275000
0.51799066133610039000
0.85967589342936490000
0.24475844599749749000
0.18543046357615894000
0.50068666646320992000
0.95095675527207246000
0.41581469161046175000
0.61253700369273967000
0.57789849543748284000
0.55848872341074862000
0.98113956114383372000
0.87017426068910797000
0.98025452436902982000
0.95373393963438824000
0.87588122196111939000
0.47813348796044802000
0.31141087069307533000
0.30439161351359600000
0.69725638599810780000
0.13483077486495559000
0.77602465895565664000
0.32859279152806176000
0.57206946012756732000
0.59315775017548145000
0.71019623401593068000
0.94705038605914482000
0.81130405590990939000
0.33130893887142554000
0.75875118259224217000
0.40211188085573901000
0.44569231238746299000
0.23712881862849819000
0.54258857997375409000
0.81240272225104526000
0.23587755973998231000
0.02517777031769768300
0.15991698965422529000
0.63158055360576193000
0.25086214789269690000
0.60454115421002841000
0.36548966948454237000
0.98028504287850582000
0.60863063447981203000
0.11691640980254524000
0.77095858638264103000
0.31986449781792659000
0.47257911923581652000
0.86330759605700857000
0.91085543382061218000
0.43659779656361586000
0.89761040070802944000
0.83791619617297897000
0.51734977263710435000
0.20529801324503311000
0.61955626087221904000
0.08850367748039185400
0.84762108218634602000
0.10077211828974272000
0.38175603503524885000
0.62157048249763480000
0.40800195318460647000
0.92645039216284675000
0.89239173558763385000
0.07092501602221747100
0.91824091311380351000
0.72804956205938898000
0.00646992400891140480
0.84939115573595381000
0.85952330088198492000
0.36198004089480268000
0.22632526627399518000
0.00064088869899594104
0.45057527390362256000
0.68672750022888884000
0.11392559587389751000
0.47209082308420058000
0.39515366069521163000
0.84560686056093015000
0.70940275276955478000
0.02554399243140964900
0.24451429792168949000
0.61070589312417978000
0.54869228186895347000
0.50581377605517741000
0.71929074983977781000
0.25568407238990448000
0.37522507400738547000
0.68514053773613692000
0.83370464186529125000
0.92675557725760671000
0.13800469985045929000
0.40290536210211492000
0.16650898770104069000
0.98040711691640980000
0.37116611224707785000
0.21881771294289987000
0.12219611194189275000
0.25672170171208836000
0.54753257850886561000
0.29837946714682456000
0.52595599230933565000
0.75722525711844235000
0.50114444410534986000
0.74983977782525102000
0.39643543809320353000
0.69512009033478805000
0.51149021881771295000
0.13074129459517198000
0.24030274361400189000
0.38810388500625631000
0.14368114261299478000
0.34354686117130040000
0.71156956694235052000
0.96124149296548356000
0.43836787011322365000
0.63823358867152924000
0.98028504287850582000
0.32917264320810574000
0.54484694967497782000
0.94131290627765740000
0.65355388042847984000
0.42661824396496473000
0.39136936552018797000
0.22980437635425885000
0.59361552781762139000
0.15546128727072969000
0.48625141148106327000
0.16879787591174047000
0.47556993316446422000
0.01739555040131840100
0.44373912778099917000
0.73137607959227269000
0.42948698385570849000
0.90099795525986515000
0.32798242133854183000
0.01977599414044618100
0.61000396740623186000
0.99160740989410079000
0.40937528611102636000
0.00668355357524338510
0.03756828516495254500
0.27335428937650685000
0.42658772545548873000
0.41471602526932583000
0.55491805780205694000
0.59144871364482554000
0.94827112643818479000
0.45371868037965024000
0.24237800225836970000
0.74382763145847952000
0.92803735465559867000
0.63420514542069761000
0.13599047822504348000
0.57087923825800346000
0.04681539353617969500
0.37543870357371745000
0.59233375041962955000
0.51200903347880489000
0.93569750053407397000
0.62767418439283429000
0.14310129093295085000
0.59767448957792901000
0.87362285225989567000
0.22617267372661520000
0.18414868617816707000
0.34574419385357219000
0.05328531754509109600
0.19702749717703788000
0.34202093569750053000
0.53093050935392316000
0.00955229346598712200
0.73253578295236066000
0.86196478164006474000
0.29596850489822080000
0.30295724356822412000
0.05517746513260292400
0.86126285592211671000
0.57338175603503527000
0.05362102114932706900
0.88955351420636619000
0.79152806176946322000
0.28653828547013765000
0.41804254280220954000
0.75960570085757007000
0.95370342112491224000
0.29871517075106052000
0.60313730277413247000
0.83178197576830348000
0.40952787865840634000
0.57905819879757070000
0.51118503372295299000
0.52098147526474803000
0.13333536790063175000
0.55397198400830105000
0.60930204168828395000
0.57948545793023465000
0.74770348216193117000
0.11276589251380963000
0.11728263191625721000
0.88680684835352641000
0.68697164830469681000
0.23676259651478621000
0.10766930143131810000
0.65953550828577534000
0.13211462752159184000
0.71941282387768180000
0.61146885586107980000
0.29990539262062443000
0.56099124118778043000
0.94781334879604484000
0.32364879299295024000
0.60164189580980865000
0.25736259041108434000
0.21289712210455641000
0.00195318460646382030
0.53215124973296302000
0.62297433393353063000
0.51811273537400437000
0.15286721396526995000
0.30948820459608750000
0.63579210791344953000
0.35441145054475537000
0.09826960051271095600
0.99301126132999662000
0.29856257820368054000
0.41138950773644217000
0.01681569872127445400
0.30661946470534379000
0.42167424542985321000
0.69209875789666431000
0.05386516922513504700
0.91302224799340803000
0.58308664204840233000
0.00137333292641987370
0.09311197241126743800
0.85778374584185313000
0.61052278206732380000
0.27582628864406261000
0.28443250831629385000
0.40250862147892696000
0.42826624347666858000
0.72423474837488933000
0.92114017151402328000
0.96487319559312723000
0.61326944792016358000
0.24732200079348124000
0.76064333017975405000
0.38520462660603655000
0.50395214697714164000
0.10574663533433028000
0.38233588671529284000
0.23798333689382611000
0.20538956877346110000
0.30466628009887997000
0.67616809595019378000
0.40678121280556656000
0.33487960448011717000
0.66386913663136693000
0.05587939085055086000
0.64174321726126893000
0.85131382183294169000
0.04235969115268410600
0.49073763237403484000
0.31839960936307871000
0.81237220374156927000
0.68590350047303694000
0.94906460768456069000
0.11609241004669332000
0.40336313974425492000
0.16617328409680471000
0.34800256355479597000
0.83541367839594716000
0.08099612414929655000
0.88094729453413501000
0.60264900662251653000
0.07263405255287332100
0.17636646626178779000
0.58287301248207035000
0.86855677968688005000
0.97085482345042273000
0.80046998504593037000
0.90710165715506452000
0.57148960844752339000
0.76552629169591357000
0.39646595660267953000
0.36506241035187842000
0.31788079470198677000
0.34409619434186833000
0.78203680532242803000
0.77404095583971677000
0.27994628742332223000
0.53773613696707057000
0.02557451094088564900
0.59114352855006558000
0.14929654835657827000
0.36448255867183449000
0.00051881466109195227
0.12012085329752495000
0.25238807336649677000
0.94210638752403331000
0.96063112277596363000
0.06012146366771446700
0.92205572679830317000
0.28977324747459332000
0.98095645008697774000
0.36490981780449844000
0.71855830561235390000
0.73726615192114020000
0.60756248664815216000
0.88143559068575095000
0.59407330545976134000
0.15988647114474930000
0.56013672292245242000
0.73638111514633631000
0.59416486098818933000
0.75902584917752614000
0.83080538346507160000
0.93966490676595360000
0.19013031403546252000
0.60551774651326029000
0.02356028931546983200
0.17328409680471205000
0.83626819666127505000
0.66624958037049475000
0.27735221411786248000
0.23465681936094240000
0.84478286080507825000
0.53144932401501510000
0.61705374309518723000
0.10266426587725455000
0.17377239295632801000
0.56199835200048831000
0.07596057008575701800
0.09610278633991516100
0.22016052735984373000
0.67552720725119786000
0.43342387157811213000
0.09198278756065553200
0.21295815912350841000
0.48970000305185096000
0.91149632251960810000
0.27359843745231482000
0.29923398541215246000
0.04199346903897213700
0.67430646687215801000
0.37653736991485337000
0.91784417249061556000
0.80416272469252603000
0.47401348918118841000
0.90130314035462511000
0.55348368785668511000
0.21024201178014465000
0.28678243354594563000
0.26178777428510391000
0.46571245460371713000
0.41761528366954559000
0.28305917538987396000
0.33787041840876492000
0.48609881893368329000
0.51826532792138436000
0.97518845179601432000
0.40086062196722311000
0.47758415478988009000
0.92098757896664329000
0.88686788537247840000
0.88131351664784696000
0.54979094821008945000
0.12131107516708883000
0.58766441846980189000
0.94665364543595687000
0.62367625965147866000
0.57976012451551862000
0.43653675954466387000
0.35877559739982301000
0.43986327707754752000
0.92553483687856686000
0.87813959166234323000
0.57927182836390267000
0.60383922849208049000
0.20535905026398510000
0.63539536729026158000
0.59150975066377753000
0.76216925565355387000
0.39643543809320353000
0.64275032807397692000
0.40842921231727042000
0.50309762871181374000
0.90099795525986515000
0.06295968504898220900
0.73455000457777642000
0.07593005157628102100
0.24268318735312969000
0.23184911648915066000
0.75078585161900691000
0.52201910458693201000
0.68276009399700921000
0.87450788903469956000
0.49162266914883879000
0.31199072237311931000
0.97457808160649428000
0.43653675954466387000
0.78218939786980801000
0.08230842005676443400
0.97595141453291423000
0.87487411114841152000
0.20505386516922514000
0.56550798059022800000
0.33747367778557696000
0.75041962950529495000
0.06506546220282601000
0.30719931638538772000
0.98590044862208925000
0.96804712057863096000
0.82061220130008850000
0.26410718100527969000
0.62080751976073489000
0.00622577593310342720
0.95086519974364447000
0.87685781426435128000
0.94427320169682916000
0.98117007965330971000
0.72716452528458508000