   19.600000000000001     
   19.600000000000001     
   60.680000000000007     
     1  0.9800000E+00  0.9800000E+00  0.5970000E+02  0.0000000E+00  0.0000000E+00  0.0000000E+00
     2  0.9800000E+00  0.4900000E+01  0.5970000E+02  0.0000000E+00  0.0000000E+00  0.0000000E+00
     3  0.9800000E+00  0.8820000E+01  0.5970000E+02  0.0000000E+00  0.0000000E+00  0.0000000E+00
     4  0.9800000E+00  0.1274000E+02  0.5970000E+02  0.0000000E+00  0.0000000E+00  0.0000000E+00
     5  0.9800000E+00  0.1666000E+02  0.5970000E+02  0.0000000E+00  0.0000000E+00  0.0000000E+00
     6  0.2940000E+01  0.2940000E+01  0.5970000E+02  0.0000000E+00  0.0000000E+00  0.0000000E+00
     7  0.2940000E+01  0.6860000E+01  0.5970000E+02  0.0000000E+00  0.0000000E+00  0.0000000E+00
     8  0.2940000E+01  0.1078000E+02  0.5970000E+02  0.0000000E+00  0.0000000E+00  0.0000000E+00
     9  0.2940000E+01  0.1470000E+02  0.5970000E+02  0.0000000E+00  0.0000000E+00  0.0000000E+00
    10  0.2940000E+01  0.1862000E+02  0.5970000E+02  0.0000000E+00  0.0000000E+00  0.0000000E+00
    11  0.4900000E+01  0.9800000E+00  0.5970000E+02  0.0000000E+00  0.0000000E+00  0.0000000E+00
    12  0.4900000E+01  0.4900000E+01  0.5970000E+02  0.0000000E+00  0.0000000E+00  0.0000000E+00
    13  0.4900000E+01  0.8820000E+01  0.5970000E+02  0.0000000E+00  0.0000000E+00  0.0000000E+00
    14  0.4900000E+01  0.1274000E+02  0.5970000E+02  0.0000000E+00  0.0000000E+00  0.0000000E+00
    15  0.4900000E+01  0.1666000E+02  0.5970000E+02  0.0000000E+00  0.0000000E+00  0.0000000E+00
    16  0.6860000E+01  0.2940000E+01  0.5970000E+02  0.0000000E+00  0.0000000E+00  0.0000000E+00
    17  0.6860000E+01  0.6860000E+01  0.5970000E+02  0.0000000E+00  0.0000000E+00  0.0000000E+00
    18  0.6860000E+01  0.1078000E+02  0.5970000E+02  0.0000000E+00  0.0000000E+00  0.0000000E+00
    19  0.6860000E+01  0.1470000E+02  0.5970000E+02  0.0000000E+00  0.0000000E+00  0.0000000E+00
    20  0.6860000E+01  0.1862000E+02  0.5970000E+02  0.0000000E+00  0.0000000E+00  0.0000000E+00
    21  0.8820000E+01  0.9800000E+00  0.5970000E+02  0.0000000E+00  0.0000000E+00  0.0000000E+00
    22  0.8820000E+01  0.4900000E+01  0.5970000E+02  0.0000000E+00  0.0000000E+00  0.0000000E+00
    23  0.8820000E+01  0.8820000E+01  0.5970000E+02  0.0000000E+00  0.0000000E+00  0.0000000E+00
    24  0.8820000E+01  0.1274000E+02  0.5970000E+02  0.0000000E+00  0.0000000E+00  0.0000000E+00
    25  0.8820000E+01  0.1666000E+02  0.5970000E+02  0.0000000E+00  0.0000000E+00  0.0000000E+00
    26  0.1078000E+02  0.2940000E+01  0.5970000E+02  0.0000000E+00  0.0000000E+00  0.0000000E+00
    27  0.1078000E+02  0.6860000E+01  0.5970000E+02  0.0000000E+00  0.0000000E+00  0.0000000E+00
    28  0.1078000E+02  0.1078000E+02  0.5970000E+02  0.0000000E+00  0.0000000E+00  0.0000000E+00
    29  0.1078000E+02  0.1470000E+02  0.5970000E+02  0.0000000E+00  0.0000000E+00  0.0000000E+00
    30  0.1078000E+02  0.1862000E+02  0.5970000E+02  0.0000000E+00  0.0000000E+00  0.0000000E+00
    31  0.1274000E+02  0.9800000E+00  0.5970000E+02  0.0000000E+00  0.0000000E+00  0.0000000E+00
    32  0.1274000E+02  0.4900000E+01  0.5970000E+02  0.0000000E+00  0.0000000E+00  0.0000000E+00
    33  0.1274000E+02  0.8820000E+01  0.5970000E+02  0.0000000E+00  0.0000000E+00  0.0000000E+00
    34  0.1274000E+02  0.1274000E+02  0.5970000E+02  0.0000000E+00  0.0000000E+00  0.0000000E+00
    35  0.1274000E+02  0.1666000E+02  0.5970000E+02  0.0000000E+00  0.0000000E+00  0.0000000E+00
    36  0.1470000E+02  0.2940000E+01  0.5970000E+02  0.0000000E+00  0.0000000E+00  0.0000000E+00
    37  0.1470000E+02  0.6860000E+01  0.5970000E+02  0.0000000E+00  0.0000000E+00  0.0000000E+00
    38  0.1470000E+02  0.1078000E+02  0.5970000E+02  0.0000000E+00  0.0000000E+00  0.0000000E+00
    39  0.1470000E+02  0.1470000E+02  0.5970000E+02  0.0000000E+00  0.0000000E+00  0.0000000E+00
    40  0.1470000E+02  0.1862000E+02  0.5970000E+02  0.0000000E+00  0.0000000E+00  0.0000000E+00
    41  0.1666000E+02  0.9800000E+00  0.5970000E+02  0.0000000E+00  0.0000000E+00  0.0000000E+00
    42  0.1666000E+02  0.4900000E+01  0.5970000E+02  0.0000000E+00  0.0000000E+00  0.0000000E+00
    43  0.1666000E+02  0.8820000E+01  0.5970000E+02  0.0000000E+00  0.0000000E+00  0.0000000E+00
    44  0.1666000E+02  0.1274000E+02  0.5970000E+02  0.0000000E+00  0.0000000E+00  0.0000000E+00
    45  0.1666000E+02  0.1666000E+02  0.5970000E+02  0.0000000E+00  0.0000000E+00  0.0000000E+00
    46  0.1862000E+02  0.2940000E+01  0.5970000E+02  0.0000000E+00  0.0000000E+00  0.0000000E+00
    47  0.1862000E+02  0.6860000E+01  0.5970000E+02  0.0000000E+00  0.0000000E+00  0.0000000E+00
    48  0.1862000E+02  0.1078000E+02  0.5970000E+02  0.0000000E+00  0.0000000E+00  0.0000000E+00
    49  0.1862000E+02  0.1470000E+02  0.5970000E+02  0.0000000E+00  0.0000000E+00  0.0000000E+00
    50  0.1862000E+02  0.1862000E+02  0.5970000E+02  0.0000000E+00  0.0000000E+00  0.0000000E+00
    51  0.9618270E+00  0.2965603E+01  0.5771522E+02 -0.1488725E-02 -0.4637607E-03  0.1808545E-03
    52  0.9087725E+00  0.6871939E+01  0.5779487E+02 -0.9818142E-03 -0.5668140E-03 -0.5231287E-03
    53  0.9151016E+00  0.1079264E+02  0.5775469E+02 -0.1414765E-02  0.3243982E-03 -0.1543549E-02
    54  0.9647534E+00  0.1472034E+02  0.5778231E+02  0.1386869E-02 -0.1726869E-02  0.8993241E-03
    55  0.9440447E+00  0.1859297E+02  0.5779344E+02  0.1794194E-02 -0.4636999E-03 -0.7096784E-03
    56  0.2921443E+01  0.9777620E+00  0.5774153E+02 -0.6681175E-03  0.1114219E-02  0.6533527E-03
    57  0.2925179E+01  0.4946225E+01  0.5775012E+02 -0.1996715E-03  0.1219833E-02  0.4729659E-03
    58  0.2920209E+01  0.8892575E+01  0.5776909E+02 -0.1822540E-02  0.4636716E-03  0.5491644E-03
    59  0.2931486E+01  0.1280074E+02  0.5775990E+02  0.1639767E-02  0.5176803E-03 -0.7373497E-03
    60  0.2969917E+01  0.1662990E+02  0.5779398E+02  0.1406052E-02 -0.2444483E-03  0.4929537E-03
    61  0.4893282E+01  0.2905359E+01  0.5773686E+02 -0.1721157E-02 -0.1692020E-03  0.1083221E-02
    62  0.4916294E+01  0.6881360E+01  0.5779943E+02 -0.8823447E-03  0.1714001E-02  0.1644240E-03
    63  0.4942821E+01  0.1074635E+02  0.5777914E+02  0.1445515E-02  0.8297526E-03 -0.4648218E-03
    64  0.4955076E+01  0.1470368E+02  0.5781735E+02 -0.4228393E-03 -0.6973938E-05 -0.4187959E-04
    65  0.4918546E+01  0.1865772E+02  0.5776833E+02 -0.1328041E-02 -0.7556090E-03  0.4540327E-03
    66  0.6846994E+01  0.9644331E+00  0.5776166E+02  0.2905850E-03 -0.2849788E-04  0.6810643E-03
    67  0.6834393E+01  0.4921365E+01  0.5774057E+02 -0.4920579E-03 -0.1109706E-02 -0.3277210E-04
    68  0.6874215E+01  0.8760210E+01  0.5777197E+02  0.8407692E-03  0.7329976E-03  0.1402420E-02
    69  0.6903585E+01  0.1272264E+02  0.5781676E+02 -0.8683601E-03  0.3012591E-03 -0.1383829E-03
    70  0.6875892E+01  0.1670463E+02  0.5780361E+02 -0.1498050E-02 -0.9259158E-04  0.1358404E-02
    71  0.8830844E+01  0.2924584E+01  0.5779234E+02  0.1664163E-02 -0.1224107E-02 -0.2358120E-03
    72  0.8815782E+01  0.6797318E+01  0.5778961E+02  0.5139851E-03  0.1534786E-02 -0.4186260E-03
    73  0.8843080E+01  0.1075984E+02  0.5777070E+02 -0.1123173E-03 -0.8589906E-03 -0.9495708E-03
    74  0.8846186E+01  0.1471133E+02  0.5775298E+02 -0.1301966E-02 -0.1282969E-02  0.5658854E-03
    75  0.8817302E+01  0.1863984E+02  0.5783946E+02 -0.9808312E-05  0.4795464E-03 -0.7652782E-03
    76  0.1076410E+02  0.9148077E+00  0.5781195E+02 -0.3677318E-03 -0.1220120E-02 -0.1820400E-02
    77  0.1076954E+02  0.4833837E+01  0.5773373E+02  0.1887222E-02 -0.4237955E-03 -0.1036332E-02
    78  0.1078417E+02  0.8814169E+01  0.5782415E+02 -0.6913058E-03 -0.8049631E-03  0.3459487E-03
    79  0.1079769E+02  0.1271279E+02  0.5776855E+02 -0.6350353E-03  0.2523732E-04  0.3170417E-03
    80  0.1079988E+02  0.1666008E+02  0.5780171E+02 -0.7426664E-03 -0.4313204E-03 -0.2174522E-02
    81  0.1270144E+02  0.2984359E+01  0.5775259E+02 -0.6643645E-03  0.1215489E-02 -0.9574875E-03
    82  0.1274343E+02  0.6845055E+01  0.5782528E+02 -0.2232342E-03  0.4359705E-03 -0.4686100E-03
    83  0.1269580E+02  0.1074836E+02  0.5782074E+02  0.1013875E-02  0.2824740E-04  0.5076414E-04
    84  0.1275710E+02  0.1470832E+02  0.5780628E+02 -0.1767091E-03 -0.2472421E-03 -0.2349681E-04
    85  0.1279793E+02  0.1862061E+02  0.5776046E+02 -0.4610698E-03 -0.1309348E-02 -0.1889607E-02
    86  0.1472781E+02  0.9675045E+00  0.5779890E+02  0.1544141E-02  0.1281280E-02 -0.7054460E-03
    87  0.1471031E+02  0.4883425E+01  0.5777572E+02  0.6405960E-03 -0.1278148E-02 -0.6911878E-03
    88  0.1469004E+02  0.8837395E+01  0.5781180E+02  0.1115631E-02  0.3182449E-03  0.6305246E-03
    89  0.1472257E+02  0.1277221E+02  0.5779367E+02 -0.1759445E-02  0.3572739E-03  0.2088810E-02
    90  0.1471898E+02  0.1667585E+02  0.5775337E+02 -0.1919659E-03 -0.3407649E-03  0.1266640E-02
    91  0.1666007E+02  0.2915899E+01  0.5777361E+02 -0.1294259E-02  0.9935345E-03 -0.1740882E-02
    92  0.1661328E+02  0.6815285E+01  0.5778038E+02 -0.1443993E-02 -0.1643958E-02 -0.1657315E-02
    93  0.1672654E+02  0.1075868E+02  0.5784747E+02 -0.2373943E-03  0.6105693E-03 -0.7398258E-03
    94  0.1664905E+02  0.1478196E+02  0.5775883E+02  0.3722468E-03  0.8367046E-04  0.9349787E-03
    95  0.1666180E+02  0.1858949E+02  0.5775194E+02 -0.9562238E-03 -0.1240472E-02 -0.1054080E-02
    96  0.1862540E+02  0.9601722E+00  0.5773442E+02  0.1022351E-02  0.4003581E-03 -0.2618263E-03
    97  0.1861844E+02  0.4857366E+01  0.5778106E+02 -0.3408527E-03 -0.6006899E-03  0.1704839E-02
    98  0.1861165E+02  0.8829325E+01  0.5772701E+02  0.5323511E-03  0.1795340E-03  0.1693736E-02
    99  0.1857067E+02  0.1272534E+02  0.5776354E+02 -0.1691525E-02 -0.7143940E-03  0.1338195E-03
   100  0.1860872E+02  0.1667020E+02  0.5774383E+02  0.1325385E-03 -0.3956750E-03  0.8780893E-03
   101  0.9994669E+00  0.9541449E+00  0.5587265E+02 -0.9981527E-03 -0.1141147E-02  0.3804751E-03
   102  0.1029826E+01  0.4954131E+01  0.5591169E+02 -0.1458840E-02  0.9637642E-03  0.7969792E-03
   103  0.9866712E+00  0.8798807E+01  0.5593922E+02 -0.1438443E-02 -0.6053360E-03 -0.5176383E-03
   104  0.9354353E+00  0.1274103E+02  0.5591429E+02  0.4450112E-03  0.4536308E-03  0.1140663E-03
   105  0.9544377E+00  0.1663726E+02  0.5587144E+02  0.1524187E-03  0.1332698E-02  0.1132618E-02
   106  0.2925692E+01  0.2955076E+01  0.5587528E+02 -0.2326726E-04  0.7130429E-03  0.7504049E-03
   107  0.2973187E+01  0.6882134E+01  0.5587193E+02  0.8846813E-03 -0.7281083E-03  0.2047447E-03
   108  0.2937114E+01  0.1082860E+02  0.5592750E+02 -0.6242555E-03 -0.8183923E-03  0.5970415E-03
   109  0.2962485E+01  0.1472894E+02  0.5589335E+02 -0.8642119E-03  0.5596230E-03  0.8922407E-03
   110  0.2928846E+01  0.1860767E+02  0.5590363E+02  0.1167349E-02  0.1602707E-02 -0.1764848E-02
   111  0.4853633E+01  0.9225230E+00  0.5583143E+02 -0.4831982E-03  0.9172986E-03  0.5564654E-03
   112  0.4930674E+01  0.4854278E+01  0.5588849E+02 -0.3266739E-03  0.1136616E-02 -0.8765507E-03
   113  0.4874751E+01  0.8838888E+01  0.5592773E+02 -0.1429595E-03 -0.3952240E-03  0.7991613E-03
   114  0.4963031E+01  0.1275338E+02  0.5596855E+02 -0.2003644E-02 -0.1307935E-03 -0.2119317E-02
   115  0.4921585E+01  0.1667759E+02  0.5587379E+02 -0.5512348E-03 -0.1745636E-03  0.4274057E-03
   116  0.6870959E+01  0.2887425E+01  0.5586019E+02  0.1373228E-02 -0.1332371E-02 -0.8849769E-03
   117  0.6806566E+01  0.6798347E+01  0.5586367E+02  0.5494516E-03 -0.1966682E-02  0.1455425E-02
   118  0.6857563E+01  0.1075094E+02  0.5591054E+02  0.7259625E-03 -0.1378400E-02  0.2492669E-03
   119  0.6837707E+01  0.1471859E+02  0.5591900E+02  0.3832550E-03  0.2821464E-03 -0.2228984E-03
   120  0.6901759E+01  0.1864609E+02  0.5586692E+02 -0.1215477E-03  0.1022537E-02  0.2370719E-03
   121  0.8787431E+01  0.1001847E+01  0.5591137E+02 -0.4781027E-04  0.7592454E-03  0.9590803E-03
   122  0.8768085E+01  0.4864459E+01  0.5585634E+02 -0.1687190E-03 -0.5279455E-04  0.5386514E-03
   123  0.8810535E+01  0.8740364E+01  0.5593831E+02  0.3623557E-03 -0.2334058E-03 -0.3932148E-04
   124  0.8795521E+01  0.1270051E+02  0.5594349E+02  0.4853456E-03 -0.2346755E-03  0.1120539E-02
   125  0.8840310E+01  0.1666478E+02  0.5593567E+02  0.3420420E-03  0.6842681E-03  0.7569030E-03
   126  0.1077712E+02  0.2938369E+01  0.5588214E+02  0.6930454E-03 -0.9661532E-03 -0.2335417E-03
   127  0.1072220E+02  0.6835780E+01  0.5592727E+02  0.8802521E-04 -0.1918530E-03  0.2984532E-03
   128  0.1077284E+02  0.1073850E+02  0.5587988E+02  0.4696890E-03  0.8729432E-03  0.2980032E-03
   129  0.1080606E+02  0.1470505E+02  0.5593465E+02  0.4137245E-03 -0.2519349E-03  0.9734227E-03
   130  0.1082183E+02  0.1857296E+02  0.5591804E+02  0.2300605E-03  0.2278331E-02  0.6057303E-03
   131  0.1275835E+02  0.9941022E+00  0.5594645E+02  0.4074746E-03 -0.7424705E-03 -0.1596121E-04
   132  0.1273308E+02  0.4904886E+01  0.5592008E+02 -0.4691742E-03 -0.1568946E-02 -0.1298028E-03
   133  0.1271649E+02  0.8755655E+01  0.5590890E+02 -0.1550046E-03  0.7857068E-03 -0.1298994E-03
   134  0.1271625E+02  0.1274025E+02  0.5591870E+02 -0.8623698E-03  0.8919184E-03 -0.7432152E-03
   135  0.1274495E+02  0.1668436E+02  0.5591664E+02 -0.1329252E-02 -0.4419639E-03  0.2141982E-02
   136  0.1473591E+02  0.2963100E+01  0.5586603E+02  0.9984311E-03 -0.2405026E-03  0.8316265E-04
   137  0.1471874E+02  0.6831968E+01  0.5590671E+02 -0.7272594E-03  0.1812388E-02 -0.6815875E-04
   138  0.1469008E+02  0.1079844E+02  0.5596709E+02  0.3506938E-03 -0.2469440E-03 -0.1625891E-02
   139  0.1467701E+02  0.1468899E+02  0.5588204E+02 -0.5455099E-03 -0.1238391E-02 -0.4914967E-03
   140  0.1467934E+02  0.1863201E+02  0.5589833E+02 -0.9127867E-03 -0.1306767E-02 -0.7649710E-03
   141  0.1665815E+02  0.9593950E+00  0.5587991E+02  0.5225291E-03  0.1077216E-02 -0.1782669E-02
   142  0.1671141E+02  0.4857326E+01  0.5591383E+02 -0.8602880E-03 -0.3463002E-03 -0.3604433E-03
   143  0.1662827E+02  0.8792474E+01  0.5589592E+02 -0.5001750E-03 -0.9685587E-04 -0.2564063E-03
   144  0.1663057E+02  0.1273468E+02  0.5592040E+02  0.6499839E-03 -0.4114802E-03 -0.8209576E-03
   145  0.1670791E+02  0.1670867E+02  0.5588499E+02  0.1819296E-02  0.6389238E-03  0.3474240E-03
   146  0.1860112E+02  0.2951194E+01  0.5586093E+02  0.8557877E-04  0.1398606E-02 -0.5382159E-03
   147  0.1859061E+02  0.6806847E+01  0.5589649E+02 -0.2675302E-03 -0.1243870E-02  0.1235410E-02
   148  0.1851740E+02  0.1082458E+02  0.5586681E+02  0.8314822E-04  0.8765481E-03  0.3958046E-03
   149  0.1859521E+02  0.1472314E+02  0.5588304E+02  0.1541722E-02 -0.2244201E-03  0.1023392E-02
   150  0.1856343E+02  0.1860412E+02  0.5584950E+02  0.2353020E-03 -0.1225106E-03  0.1087193E-03
   151  0.9527578E+00  0.2992022E+01  0.5405369E+02  0.1340596E-02 -0.1302638E-02 -0.9158395E-05
   152  0.9654331E+00  0.6845125E+01  0.5398383E+02 -0.2013931E-03 -0.3100164E-03 -0.6708584E-03
   153  0.9585016E+00  0.1081868E+02  0.5398784E+02 -0.1091819E-02  0.4696124E-03  0.7908859E-03
   154  0.9526911E+00  0.1464484E+02  0.5403212E+02  0.4288408E-04  0.3137052E-03 -0.1159247E-02
   155  0.9186829E+00  0.1862315E+02  0.5391467E+02  0.2172226E-02 -0.1254052E-02  0.1865732E-03
   156  0.2812535E+01  0.9381010E+00  0.5401821E+02 -0.1181239E-03 -0.1066750E-02  0.1159878E-03
   157  0.2980932E+01  0.4922282E+01  0.5393862E+02 -0.1350686E-03  0.2003135E-02  0.7899112E-03
   158  0.2900518E+01  0.8863643E+01  0.5406652E+02  0.1097384E-02  0.6909407E-04  0.7254899E-03
   159  0.2982133E+01  0.1277653E+02  0.5413781E+02  0.6710291E-03  0.8463277E-03 -0.4386120E-03
   160  0.2955352E+01  0.1664487E+02  0.5391893E+02  0.9261195E-04  0.2813531E-03 -0.1927434E-02
   161  0.4859889E+01  0.2832842E+01  0.5395822E+02 -0.7234899E-03 -0.1686292E-03  0.6092292E-03
   162  0.4928497E+01  0.6975360E+01  0.5396680E+02 -0.7320549E-03 -0.1272546E-02 -0.3549275E-03
   163  0.4902130E+01  0.1078915E+02  0.5407225E+02 -0.1475614E-02 -0.2018825E-02  0.1752287E-03
   164  0.4917769E+01  0.1472270E+02  0.5394364E+02 -0.1307387E-02  0.2298576E-03 -0.9958232E-03
   165  0.4891597E+01  0.1869081E+02  0.5393822E+02  0.1887180E-02  0.3009051E-03 -0.4978700E-03
   166  0.6834092E+01  0.9711864E+00  0.5396183E+02 -0.1321545E-02  0.1196527E-02  0.7848631E-03
   167  0.6796237E+01  0.4861050E+01  0.5390151E+02  0.8312612E-03 -0.6800451E-03 -0.1119761E-02
   168  0.6909761E+01  0.8824890E+01  0.5396448E+02 -0.2364634E-03 -0.9322179E-03  0.1224341E-02
   169  0.6897837E+01  0.1272463E+02  0.5402706E+02  0.2625927E-03  0.4919787E-04  0.9027842E-03
   170  0.6874562E+01  0.1666849E+02  0.5390982E+02 -0.2910537E-03 -0.6366077E-03 -0.1715684E-04
   171  0.8784638E+01  0.2910910E+01  0.5389728E+02 -0.7971032E-03  0.1242119E-02 -0.2494014E-03
   172  0.8850164E+01  0.6835902E+01  0.5396102E+02  0.1135950E-02 -0.1742026E-03  0.7128266E-03
   173  0.8858630E+01  0.1075419E+02  0.5402845E+02  0.3793313E-03  0.9858472E-03 -0.1647292E-03
   174  0.8791355E+01  0.1470012E+02  0.5411055E+02 -0.3861488E-03 -0.6562997E-04 -0.4782863E-03
   175  0.8834883E+01  0.1862660E+02  0.5402671E+02 -0.5629630E-04 -0.2891458E-03 -0.8524355E-03
   176  0.1082947E+02  0.9581246E+00  0.5396811E+02 -0.6620640E-03 -0.4109621E-03 -0.8230068E-04
   177  0.1071615E+02  0.4866537E+01  0.5400026E+02  0.4309003E-03  0.1082160E-02  0.1044861E-02
   178  0.1078808E+02  0.8786323E+01  0.5403642E+02  0.7811300E-03 -0.4616998E-03  0.8768286E-03
   179  0.1074422E+02  0.1278734E+02  0.5396645E+02 -0.1653434E-02 -0.5392314E-03  0.1548771E-03
   180  0.1078134E+02  0.1662526E+02  0.5405461E+02 -0.1280010E-02 -0.7055615E-03 -0.1262118E-03
   181  0.1275476E+02  0.3019918E+01  0.5396548E+02  0.1050763E-02  0.1100784E-02  0.1323080E-02
   182  0.1270783E+02  0.6795041E+01  0.5399771E+02  0.7615534E-03 -0.1495927E-04  0.6984926E-03
   183  0.1274231E+02  0.1070713E+02  0.5406316E+02 -0.6202010E-03 -0.3674057E-03  0.6993642E-03
   184  0.1272330E+02  0.1467102E+02  0.5400158E+02  0.4898730E-03  0.7548682E-03  0.6741445E-03
   185  0.1273857E+02  0.1860849E+02  0.5400379E+02  0.6281272E-03 -0.9184991E-03  0.2748041E-03
   186  0.1467236E+02  0.9618720E+00  0.5395687E+02  0.6290128E-03  0.4308731E-03  0.6064857E-03
   187  0.1471034E+02  0.4879619E+01  0.5405901E+02  0.6813353E-03 -0.6990563E-04 -0.2581511E-03
   188  0.1465132E+02  0.8839516E+01  0.5405322E+02 -0.2575563E-04  0.1684833E-02 -0.5654732E-03
   189  0.1468003E+02  0.1267941E+02  0.5401835E+02 -0.5364318E-03  0.5754336E-03 -0.3098833E-03
   190  0.1465547E+02  0.1663711E+02  0.5397839E+02  0.1879605E-02 -0.1979309E-03  0.3298490E-03
   191  0.1667064E+02  0.2891253E+01  0.5395509E+02 -0.4848745E-03  0.1028926E-02 -0.1295919E-02
   192  0.1662402E+02  0.6867761E+01  0.5388646E+02 -0.2361981E-03 -0.9174784E-03  0.1425389E-02
   193  0.1660604E+02  0.1076800E+02  0.5399092E+02 -0.9565052E-03 -0.9938497E-03  0.7651039E-03
   194  0.1666226E+02  0.1472049E+02  0.5400059E+02 -0.4204677E-04 -0.4801420E-03  0.5679775E-03
   195  0.1657021E+02  0.1868115E+02  0.5397633E+02  0.6802334E-03 -0.1333918E-02 -0.3204991E-03
   196  0.1865076E+02  0.1026660E+01  0.5394009E+02 -0.2256123E-04  0.1411660E-02  0.3432576E-03
   197  0.1860582E+02  0.4928952E+01  0.5393495E+02  0.8329119E-04  0.1580776E-02  0.1898838E-02
   198  0.1860455E+02  0.8826664E+01  0.5409705E+02  0.6013625E-03 -0.5887062E-03 -0.1591891E-03
   199  0.1856196E+02  0.1276914E+02  0.5394144E+02  0.1982882E-02  0.8452078E-04  0.1282941E-02
   200  0.1858895E+02  0.1659844E+02  0.5395692E+02  0.1621977E-02  0.3651283E-03  0.9441553E-03
     1  0.1148840E+02  0.8001598E+01  0.1479743E+02  0.2716281E-02  0.2501020E-02 -0.5068299E-02
     2  0.9489329E+01  0.1956475E+02  0.1785849E+02  0.9428929E-03  0.1396372E-02  0.2037022E-02
     3  0.1583068E+02  0.1898666E+02  0.1648201E+02 -0.9742147E-03 -0.2294797E-02 -0.3083734E-02
     4  0.2290314E+01  0.5940689E+01  0.2031127E+02 -0.2059282E-03  0.1756344E-02  0.1819962E-02
     5  0.9738323E+01  0.6033988E+01  0.1696913E+02  0.1846931E-02 -0.2703761E-02  0.5887112E-03
     6  0.7621817E+01  0.1751839E+02  0.1349535E+02 -0.2477314E-02 -0.9063588E-03  0.9857428E-03
     7  0.1717054E+02  0.4041292E+01  0.9300058E+01  0.1449253E-02 -0.1024880E-03 -0.1754602E-02
     8  0.9044272E+01  0.1892724E+02  0.1015273E+02 -0.2463972E-03  0.1634823E-02 -0.1568088E-02
     9  0.1771289E+02  0.1521056E+02  0.1365321E+02  0.1607005E-02  0.3057454E-02 -0.1216784E-02
    10  0.1217403E+02  0.1854408E+02  0.1326512E+02 -0.1261786E-02 -0.1419026E-02  0.1795356E-02
    11  0.1313408E+02  0.1942988E+02  0.8772369E+01  0.1080224E-02 -0.9295204E-03  0.9015662E-03
    12  0.7703277E+01  0.1409401E+02  0.1235474E+02  0.1579412E-02  0.5160382E-03 -0.1479348E-03
    13  0.1239716E+01  0.3852625E+01  0.1168578E+02 -0.6408535E-03 -0.1239025E-02 -0.5224022E-03
    14  0.8225162E+00  0.7057900E+01  0.1429268E+02 -0.6235168E-04  0.3659006E-03 -0.1014383E-02
    15  0.4000505E+01  0.1679966E+01  0.1311883E+02  0.1286999E-02  0.1974725E-02 -0.6217333E-03
    16  0.7180375E+01  0.9239704E+01  0.1092571E+02 -0.2530417E-02 -0.2235985E-02  0.2051267E-02
    17  0.8216407E+01  0.6572295E+01  0.1376534E+02 -0.6088570E-04 -0.1307423E-02 -0.1052869E-02
    18  0.1584769E+02  0.1258593E+02  0.9030075E+01 -0.2082612E-02 -0.8560605E-03  0.1941856E-02
    19  0.6982023E+01  0.1653567E+02  0.1742099E+02 -0.3748930E-02 -0.2788321E-02  0.4450197E-03
    20  0.3651716E+01  0.6247519E+01  0.1690527E+02 -0.2063603E-02 -0.1599572E-03 -0.1220249E-02
    21  0.1392815E+02  0.1136448E+02  0.2251848E+02 -0.2320907E-02  0.2139043E-02  0.2045904E-02
    22  0.1150516E+01  0.1383138E+02  0.1938642E+02 -0.2544278E-02 -0.1561840E-02  0.2012875E-02
    23  0.1252015E+02  0.1895408E+02  0.2325451E+02  0.3308003E-03 -0.1000628E-02 -0.2004934E-02
    24  0.8843551E+01  0.1208150E+02  0.1568185E+02 -0.2375672E-02  0.3636056E-03  0.1893664E-02
    25  0.1554261E+02  0.8467996E+01  0.1202051E+02 -0.8291630E-03 -0.5559776E-03 -0.2617327E-02
    26  0.2387141E+01  0.8869006E+01  0.9841247E+01  0.1736792E-02  0.7550318E-03 -0.6810726E-03
    27  0.1050092E+02  0.3097262E+01  0.1331022E+02  0.2478341E-02  0.1774623E-02  0.1621089E-02
    28  0.1534331E+02  0.1200189E+02  0.1330917E+02  0.2814861E-02  0.8848371E-03 -0.2371433E-02
    29  0.1919922E+02  0.1103983E+02  0.1036231E+02  0.2950986E-02 -0.2241061E-02  0.1076048E-02
    30  0.1096167E+02  0.1119224E+02  0.1220883E+02 -0.2781154E-02 -0.3007146E-03  0.2069290E-02
    31  0.1582191E+02  0.8477694E+01  0.1745085E+02 -0.3075991E-03 -0.7604241E-03  0.1498698E-03
    32  0.1385064E+02  0.5509120E+01  0.1278795E+02  0.3425484E-02  0.6279992E-03  0.3013580E-02
    33  0.5982930E+01  0.1295250E+02  0.1900049E+02  0.1957557E-02 -0.1780742E-02  0.2336815E-02
    34  0.1027754E+02  0.2844768E+01  0.9524749E+01  0.1481350E-02 -0.2556838E-02  0.1324947E-02
    35  0.1739725E+02  0.7350220E+01  0.2107378E+02 -0.8864543E-03  0.1389565E-02 -0.1239501E-02
    36  0.1952094E+02  0.9946687E+01  0.1976998E+02  0.2200740E-02 -0.1103163E-02  0.1825037E-02
    37  0.1821975E+02  0.1626387E+02  0.1794609E+02 -0.3499533E-03  0.2090917E-02  0.3421306E-02
    38  0.1464837E+02  0.5106084E+01  0.2040765E+02 -0.9465194E-03 -0.6188758E-03  0.2083288E-02
    39  0.3574388E+01  0.1662287E+02  0.1903306E+02 -0.2032627E-02  0.1466056E-02  0.3727534E-03
    40  0.6698240E+01  0.9749208E+00  0.1497139E+02 -0.7756837E-04  0.1424726E-02  0.1237265E-03
    41  0.1382309E+02  0.5668355E+01  0.1690298E+02 -0.2142969E-02  0.6630725E-03  0.3666320E-03
    42  0.8637994E+01  0.1920726E+02  0.2147368E+02  0.1483653E-02 -0.3424992E-02  0.3200164E-03
    43  0.1072919E+02  0.1568312E+02  0.1504595E+02  0.1744608E-02  0.1659598E-02 -0.6745928E-03
    44  0.9577079E+01  0.1083330E+02  0.2231273E+02  0.7059562E-03  0.1447578E-02 -0.2433628E-02
    45  0.6613414E+01  0.9509806E+01  0.2121278E+02  0.1161381E-02 -0.3010675E-03  0.1133811E-03
    46  0.1451082E+02  0.2464050E+01  0.1700969E+02 -0.1623788E-02 -0.1271885E-02 -0.3952963E-03
    47  0.1933278E+02  0.6987235E+01  0.8889274E+01 -0.1086485E-02 -0.1112488E-02 -0.3471405E-02
    48  0.1169435E+02  0.1472089E+02  0.1050237E+02  0.6999501E-03 -0.5347880E-03 -0.1055295E-02
    49  0.1416836E+02  0.1527915E+02  0.1292529E+02  0.1696925E-02  0.1153784E-03 -0.7240802E-03
    50  0.8318874E+01  0.3711269E+01  0.1943351E+02 -0.7769963E-04 -0.3939616E-02 -0.6498293E-04
    51  0.1422984E+02  0.6346497E+01  0.8933129E+01 -0.3457110E-02  0.4948451E-03 -0.8780472E-03
    52  0.6880972E+01  0.4342983E+01  0.1575179E+02  0.2218465E-02 -0.1275865E-02 -0.6086991E-03
    53  0.1779759E+01  0.3474013E+01  0.1542014E+02 -0.2328458E-02  0.1083898E-02  0.2640635E-02
    54  0.9948806E-01  0.3201258E+01  0.1954570E+02  0.4588824E-02 -0.3482796E-02 -0.8855894E-04
    55  0.7692992E+01  0.1428981E+02  0.2200636E+02  0.7063219E-03 -0.2320339E-02 -0.1863067E-02
    56  0.1290753E+01  0.1201430E+02  0.3390284E+02  0.9867125E-03 -0.1858318E-02  0.8769132E-03
    57  0.3566860E+01  0.1765473E+02  0.1348672E+02 -0.1216605E-02 -0.2424307E-02  0.1209539E-02
    58  0.5033529E+01  0.1246976E+01  0.9548398E+01  0.1360653E-02 -0.1011619E-02  0.2296173E-02
    59  0.9983416E+01  0.6099442E+01  0.2199283E+02  0.5675922E-03 -0.1746614E-02  0.3249436E-02
    60  0.7448375E+01  0.6830514E+01  0.2465328E+02  0.1233561E-02 -0.8518767E-03  0.1424733E-02
    61  0.1707760E+02  0.4706309E+01  0.1753571E+02  0.3181333E-03 -0.2391131E-02 -0.1896274E-02
    62  0.6442431E+01  0.6649221E+01  0.1929339E+02  0.1721776E-02 -0.7155302E-03 -0.2267878E-02
    63  0.3411740E+01  0.1347678E+02  0.1551665E+02 -0.2642575E-02  0.5072267E-02  0.1341516E-02
    64  0.1323693E+02  0.1855163E+02  0.1973441E+02 -0.3535006E-03 -0.1175512E-02  0.8634593E-03
    65  0.1772318E+02  0.4063303E+01  0.1436094E+02 -0.2246568E-02 -0.3086492E-02 -0.1423470E-02
    66  0.1299163E+02  0.1348762E+02  0.1562613E+02  0.1977685E-03  0.2369723E-02 -0.4400823E-03
    67  0.7420587E+00  0.7530352E+01  0.2362001E+02  0.6477184E-03  0.8251425E-03 -0.1487137E-03
    68  0.3649009E+00  0.4963358E+00  0.1076187E+02 -0.9009910E-03 -0.2452867E-02 -0.2272610E-02
    69  0.1907099E+02  0.1912363E+02  0.2039000E+02 -0.2338501E-02 -0.2493346E-02 -0.2655582E-02
    70  0.1801009E+01  0.1031675E+02  0.1678463E+02 -0.6561573E-03 -0.2407993E-02  0.2096306E-02
    71  0.1945750E+02  0.1821267E+02  0.1485306E+02  0.5319705E-03  0.1828198E-02  0.4957870E-03
    72  0.7425111E+00  0.1614946E+02  0.2244301E+02  0.5683444E-03 -0.1101806E-04 -0.2531660E-03
    73  0.1935985E+01  0.2104775E+00  0.1760510E+02 -0.2881365E-03 -0.2494019E-02  0.4200618E-02
    74  0.3741714E+01  0.2802178E+01  0.2072881E+02  0.1530491E-02  0.7156225E-03 -0.2699706E-02
    75  0.3900027E+01  0.1441347E+02  0.2165698E+02  0.7453923E-04  0.1758544E-02 -0.3663443E-03
    76  0.9935023E+01  0.1361205E+02  0.1876918E+02 -0.2934951E-03  0.4915686E-02  0.5027722E-03
    77  0.3071611E+01  0.1734782E+02  0.2740311E+02 -0.1201519E-02  0.1052971E-02 -0.1165001E-02
    78  0.5100532E+00  0.3546184E+01  0.3452316E+02 -0.3117756E-02  0.8402515E-03 -0.2460611E-02
    79  0.4653283E+01  0.8179336E+01  0.1376017E+02 -0.1528429E-02  0.1482743E-02 -0.5991875E-03
    80  0.6586416E+00  0.6972746E+01  0.3054562E+02 -0.4926910E-03 -0.1354761E-02  0.2509533E-02
    81  0.5739647E+01  0.1501675E+02  0.2637305E+02 -0.1940272E-02  0.3637930E-03 -0.3965008E-03
    82  0.8632950E+01  0.9546729E+01  0.1839663E+02  0.1728866E-02 -0.2553257E-03 -0.6432855E-04
    83  0.1079183E+02  0.1123861E+02  0.2577371E+02  0.5466970E-04  0.6375321E-03  0.1449765E-04
    84  0.7437333E+01  0.3554981E+01  0.2257153E+02 -0.1845161E-02 -0.5053487E-02 -0.1528833E-02
    85  0.1681500E+02  0.1321181E+02  0.1684220E+02  0.2584340E-02 -0.2724033E-02  0.6247318E-02
    86  0.1183911E+02  0.7228688E+01  0.2533606E+02  0.1254782E-03  0.1606029E-02  0.1148803E-02
    87  0.1354590E+00  0.6977432E+01  0.1771114E+02 -0.5222402E-03 -0.6529933E-03  0.1173372E-03
    88  0.2183357E+01  0.1299663E+02  0.2450889E+02 -0.3086302E-02 -0.1529341E-03 -0.6975649E-03
    89  0.1839754E+02  0.1292999E+02  0.2218988E+02 -0.6352994E-03 -0.2390456E-04  0.1509427E-02
    90  0.1251609E+02  0.1557732E+02  0.2327935E+02 -0.1128416E-02 -0.1498168E-02 -0.3450302E-02
    91  0.1386880E+02  0.6377913E+01  0.3304461E+02 -0.1926803E-02 -0.1471050E-03 -0.2068131E-02
    92  0.1914918E+02  0.1875657E+00  0.3537889E+02  0.1009513E-02 -0.5492094E-03 -0.1415786E-02
    93  0.5952925E+01  0.2342155E+00  0.1891426E+02 -0.4079655E-03  0.2307013E-03 -0.1241585E-02
    94  0.1133504E+02  0.2649609E+01  0.2065159E+02  0.2127517E-02  0.1540932E-02 -0.1266407E-03
    95  0.1212213E+02  0.1456309E+02  0.3231582E+02 -0.1262275E-02  0.1018294E-02  0.1542407E-02
    96  0.1368196E+00  0.1955791E+02  0.2413901E+02 -0.5567399E-03 -0.4106543E-02  0.1623158E-02
    97  0.3906976E+01  0.1733335E+02  0.2348180E+02  0.2278247E-02  0.7787354E-03  0.4520754E-03
    98  0.8417993E+01  0.8691552E+01  0.2737089E+02  0.3907648E-02  0.2893445E-02 -0.8919910E-03
    99  0.3858493E+01  0.1127440E+01  0.2479228E+02 -0.1901617E-03 -0.1569994E-02 -0.6678608E-03
   100  0.1538182E+02  0.1691710E+01  0.1151794E+02 -0.1196526E-02  0.6953162E-03 -0.2899960E-04
   101  0.1634502E+02  0.1764182E+01  0.2027730E+02 -0.1958117E-02 -0.3602922E-02 -0.6267266E-03
   102  0.1179353E+02  0.1582190E+02  0.2708064E+02 -0.3736693E-03 -0.1456639E-02 -0.4627590E-03
   103  0.1898282E+02  0.5633238E+01  0.2615232E+02 -0.1826926E-02 -0.3712325E-02 -0.1415212E-02
   104  0.4117690E+01  0.8551810E+01  0.2350275E+02  0.1407113E-02  0.5162281E-03 -0.1053626E-02
   105  0.1582266E+02  0.6696146E+01  0.2418344E+02  0.3276148E-02  0.1933374E-02 -0.6842221E-03
   106  0.1782972E+02  0.4185564E+01  0.2255308E+02  0.1677123E-02  0.7792376E-03 -0.4764554E-03
   107  0.1772032E+02  0.5984844E+01  0.3712634E+02 -0.5854002E-03 -0.4244102E-02  0.3393783E-02
   108  0.1504941E+02  0.1290887E+02  0.2579335E+02 -0.2621997E-03 -0.1708325E-02 -0.2458961E-03
   109  0.7902542E+01  0.7081719E+01  0.3047475E+02  0.3325112E-03  0.1954826E-02 -0.1517101E-02
   110  0.4438342E+01  0.5077639E+01  0.2365339E+02  0.1113706E-02 -0.9452069E-04 -0.3188106E-02
   111  0.3488235E+01  0.9551507E+01  0.2678738E+02  0.3157769E-03 -0.4300875E-02  0.1056557E-02
   112  0.1030978E+02  0.3757745E+01  0.2465626E+02 -0.7460344E-03  0.2183196E-02 -0.1315058E-02
   113  0.6406601E+01  0.1109472E+02  0.2445510E+02 -0.2719270E-03  0.4193008E-04 -0.1386376E-02
   114  0.4124807E+01  0.7567637E+01  0.3106264E+02  0.8139072E-03  0.6463625E-03  0.1923409E-02
   115  0.5851618E+01  0.1599239E+02  0.3047223E+02  0.2778015E-02  0.1288009E-04  0.2010107E-02
   116  0.1411810E+02  0.1134014E+02  0.2915060E+02  0.1103965E-02 -0.1933773E-03 -0.1812862E-02
   117  0.1886839E+02  0.1651133E+02  0.2662384E+02 -0.4881022E-03 -0.1666267E-02 -0.1409180E-02
   118  0.1262364E+02  0.1054070E+02  0.1768079E+02  0.6927080E-03  0.2277755E-03 -0.1550935E-02
   119  0.1459604E+02  0.1576977E+02  0.3515075E+02 -0.9849260E-03  0.1075078E-02 -0.2013669E-02
   120  0.1697307E+02  0.1771136E+02  0.2300594E+02 -0.4267670E-03  0.6826008E-03  0.3416055E-02
   121  0.9050734E+01  0.1396694E+02  0.2684185E+02 -0.3512786E-04 -0.3097215E-02  0.1390237E-03
   122  0.1482057E+02  0.9450081E+01  0.2617093E+02 -0.1070383E-02  0.3844390E-02  0.2861341E-02
   123  0.1591437E+02  0.1343928E+01  0.2605311E+02 -0.5427812E-03 -0.2327381E-02  0.2575341E-03
   124  0.1924763E+02  0.2207869E+01  0.2769765E+02  0.7233374E-03  0.2370326E-02  0.7428348E-03
   125  0.2178575E+01  0.7312586E+00  0.2951244E+02 -0.3166002E-03  0.1000309E-02  0.3299109E-02
   126  0.2507599E+01  0.4045379E+01  0.3157423E+02 -0.8765208E-03  0.8961301E-03  0.1355594E-02
   127  0.3525394E+00  0.1959883E+02  0.3970671E+02 -0.1324873E-02  0.1632497E-03  0.8440687E-04
   128  0.2848210E+01  0.5511717E+01  0.2750507E+02 -0.5481360E-03 -0.4251763E-02 -0.1941078E-02
   129  0.6531749E+01  0.1909087E+02  0.3664511E+02 -0.1076805E-02 -0.4354513E-03  0.3320819E-03
   130  0.9312912E+01  0.1759270E+02  0.2492275E+02  0.1668561E-02  0.1685453E-03  0.3598265E-02
   131  0.6141776E+01  0.1879227E+02  0.3215722E+02  0.1633834E-02  0.3177633E-02  0.1904610E-03
   132  0.1620073E+01  0.1141473E+02  0.2975097E+02 -0.8876327E-03 -0.2409612E-02  0.8710926E-03
   133  0.8853744E+01  0.3577844E+01  0.2869234E+02 -0.3857732E-03 -0.6944564E-03  0.3627750E-03
   134  0.9138103E+01  0.1017550E+01  0.3423957E+02  0.8280287E-03 -0.3957127E-03  0.3045802E-02
   135  0.3591312E+01  0.1428589E+02  0.3371909E+02 -0.1868608E-02  0.1126700E-02  0.9167872E-03
   136  0.1370256E+02  0.3016406E+01  0.2344973E+02  0.1073469E-02  0.7524219E-03  0.1615860E-02
   137  0.1260950E+02  0.7845828E+01  0.2930732E+02  0.2463114E-02 -0.7990548E-03  0.1176331E-02
   138  0.1083236E+02  0.7627728E+01  0.3425724E+02 -0.7832182E-03  0.2650453E-02  0.7888031E-03
   139  0.1631591E+02  0.1576091E+02  0.3045103E+02  0.2824151E-02 -0.1219310E-02  0.2736967E-02
   140  0.1281077E+02  0.8177890E+01  0.2054100E+02  0.3676237E-02 -0.5255823E-04  0.8999629E-03
   141  0.6568527E+01  0.1907924E+02  0.2828194E+02 -0.2906430E-02  0.1295152E-02  0.4295151E-02
   142  0.1477125E+02  0.1695671E+02  0.2548039E+02  0.1606812E-02 -0.2641569E-02  0.1706274E-02
   143  0.1751623E+02  0.6245773E+01  0.3339088E+02 -0.1298543E-02  0.1882746E-02  0.1017942E-02
   144  0.1916835E+02  0.9737304E+01  0.2655324E+02 -0.7191989E-03 -0.2971394E-02  0.3655235E-02
   145  0.3793173E+01  0.9807982E+01  0.3380688E+02 -0.2254200E-02  0.6425186E-03  0.1183134E-03
   146  0.1869926E+02  0.3074544E+01  0.3093015E+02  0.9049168E-03  0.1910849E-02 -0.7420203E-03
   147  0.1178132E+02  0.1247343E+02  0.3518063E+02  0.1351901E-03  0.2203149E-02  0.2809675E-03
   148  0.1729914E+02  0.9813736E+01  0.3161417E+02 -0.1501130E-03 -0.3625556E-03  0.1794784E-02
   149  0.1921938E+02  0.1634335E+02  0.3267784E+02  0.2968900E-03  0.5336808E-02  0.2049193E-02
   150  0.3339242E+01  0.1730021E+02  0.3543693E+02  0.2996416E-03 -0.2211827E-02 -0.1029951E-02
   151  0.9513179E+01  0.1725271E+02  0.3022367E+02  0.1073576E-02  0.1403992E-02 -0.1462456E-02
   152  0.6128144E+01  0.1132205E+02  0.3806575E+02 -0.7299348E-03  0.2795934E-02 -0.8679109E-03
   153  0.7815541E+01  0.2258111E+01  0.4537620E+02  0.1422973E-02  0.3382769E-02 -0.2624905E-02
   154  0.7968145E+01  0.9048047E+00  0.2546096E+02 -0.3023332E-02 -0.7503150E-03 -0.2723260E-02
   155  0.1251546E+02  0.1860128E+02  0.3263216E+02 -0.1825503E-02  0.1476520E-02  0.4301710E-02
   156  0.1221953E+02  0.2192944E+01  0.3086497E+02  0.7127183E-03 -0.1607526E-03 -0.1575699E-02
   157  0.1038921E+02  0.1008515E+02  0.3087984E+02  0.1084172E-02  0.1784152E-03 -0.1573099E-02
   158  0.8380761E+01  0.1331530E+02  0.3085047E+02  0.4524340E-03  0.1651341E-02  0.3144607E-04
   159  0.1773697E+02  0.1325981E+02  0.3489281E+02  0.7942157E-03 -0.7244346E-03  0.1130400E-02
   160  0.1175339E+02  0.1786282E+00  0.2701831E+02  0.1776123E-02  0.1180826E-03 -0.2698420E-02
   161  0.1607468E+02  0.1950659E+01  0.3592059E+02 -0.1149598E-02 -0.9947962E-03  0.9232859E-03
   162  0.1661461E+02  0.7301699E+01  0.2878160E+02  0.2075976E-02  0.3384886E-02  0.1046729E-02
   163  0.2545064E+01  0.3173664E+01  0.3707489E+02 -0.2525217E-03  0.1802577E-03  0.1844876E-02
   164  0.1678410E+02  0.1372915E+02  0.4146836E+02  0.2016297E-03  0.2887377E-02 -0.5746122E-03
   165  0.7334349E+00  0.4812414E+00  0.4327393E+02 -0.3940641E-03  0.3213794E-02  0.4419301E-04
   166  0.1875790E+02  0.5030686E+01  0.4385304E+02 -0.3033328E-03  0.2129183E-03  0.2437776E-02
   167  0.1555178E+02  0.8571126E+01  0.3563536E+02  0.9356028E-03 -0.1461738E-02 -0.1666163E-02
   168  0.7635159E+01  0.1859786E+02  0.4000500E+02 -0.8164531E-03 -0.2434777E-02 -0.2260559E-02
   169  0.5562609E+01  0.3267154E+01  0.2696582E+02  0.8867425E-03 -0.4266421E-03 -0.1178239E-02
   170  0.1070780E+02  0.1411843E+02  0.3826654E+02 -0.1203410E-02  0.1089424E-02  0.1788791E-02
   171  0.1034052E+02  0.1323639E+02  0.4160351E+02  0.3381836E-03 -0.1811760E-02  0.1919610E-02
   172  0.7258864E+01  0.1497585E+02  0.3554542E+02  0.1726800E-02  0.5238351E-03  0.2402922E-02
   173  0.1408493E+02  0.1078588E+02  0.3308134E+02  0.3061072E-03  0.3441508E-03  0.1077815E-02
   174  0.1133408E+02  0.2591993E+01  0.4507079E+02  0.1029354E-03 -0.1484923E-02 -0.1073814E-02
   175  0.7295606E+01  0.5062398E+01  0.4277908E+02 -0.1336424E-02 -0.2186096E-02  0.4113827E-03
   176  0.7016571E+01  0.7316880E+01  0.3409540E+02  0.1322152E-02 -0.2646990E-02 -0.2594739E-02
   177  0.6863418E+01  0.1487755E+02  0.3974271E+02 -0.2369608E-03 -0.2992084E-02 -0.3974722E-03
   178  0.5165960E+01  0.3468029E+01  0.3930049E+02 -0.4572917E-03  0.9201482E-03  0.1315195E-02
   179  0.1461454E+02  0.4682043E+01  0.2915046E+02  0.2485345E-02  0.2707985E-03  0.7586763E-03
   180  0.1107548E+02  0.2487825E+01  0.3937512E+02  0.9985118E-03  0.8594420E-03  0.2765694E-02
   181  0.1747864E+02  0.1824380E+02  0.4267114E+02 -0.7737336E-03 -0.4310295E-02 -0.1103912E-02
   182  0.1546597E+02  0.2878454E+01  0.3238084E+02 -0.1387809E-02  0.8088862E-03 -0.2053660E-02
   183  0.2627478E+01  0.1279981E+02  0.3786156E+02 -0.2330348E-04 -0.1476975E-02 -0.1506994E-02
   184  0.2429568E+01  0.1235682E+02  0.4162373E+02 -0.2906659E-03  0.1125615E-02  0.6083101E-03
   185  0.6792589E+01  0.4023168E+01  0.3236740E+02 -0.5335052E-03 -0.1436006E-02  0.1683922E-02
   186  0.1244470E+02  0.1866796E+02  0.4823007E+02 -0.4294831E-02 -0.3791252E-03 -0.2356686E-02
   187  0.4395781E+01  0.3566943E+01  0.4465158E+02  0.6216410E-03  0.3878548E-03 -0.3386037E-03
   188  0.1363425E+02  0.1292869E+02  0.4331557E+02 -0.1967300E-02  0.1028890E-02  0.3533241E-02
   189  0.5730767E+01  0.1161563E+01  0.4203178E+02 -0.5729560E-03  0.1766842E-02 -0.1441509E-02
   190  0.4651510E+01  0.6102788E+01  0.3636977E+02 -0.2877910E-02 -0.1249118E-02 -0.5220025E-02
   191  0.6944949E+01  0.1207320E+02  0.4190507E+02 -0.1551734E-02 -0.7895189E-03  0.2484589E-02
   192  0.1190085E+02  0.1421389E+02  0.4706889E+02 -0.5000132E-03 -0.1836461E-02  0.3836679E-03
   193  0.1606297E+02  0.1875809E+02  0.3361243E+02  0.4546469E-04 -0.9604705E-03 -0.7730407E-03
   194  0.1462737E+02  0.1739768E+01  0.4481502E+02 -0.1944361E-02  0.4053301E-03  0.2941804E-02
   195  0.5544509E+01  0.8054194E+01  0.4342282E+02 -0.1276761E-02 -0.3427572E-02 -0.2845322E-02
   196  0.1447463E+02  0.1853119E+02  0.3694989E+02 -0.1564843E-02  0.5622194E-03  0.1736113E-03
   197  0.1723755E+02  0.1685945E+02  0.3891955E+02 -0.2120711E-02  0.2910420E-02  0.1824572E-03
   198  0.4757933E+01  0.1536364E+02  0.4256386E+02  0.1750395E-02  0.3876938E-02  0.7925727E-03
   199  0.1817806E+02  0.8073633E+00  0.5129193E+02 -0.1260690E-02  0.2437354E-03 -0.2197952E-02
   200  0.1667735E+02  0.1004264E+02  0.3863176E+02  0.3764136E-03 -0.1626098E-03 -0.3853825E-03
   201  0.3091896E+01  0.1624425E+02  0.3982675E+02  0.3287114E-02 -0.1495114E-02 -0.5917406E-03
   202  0.3165256E+01  0.6097741E+01  0.4692312E+02  0.1223836E-02 -0.9651271E-05 -0.2848329E-03
   203  0.2181042E+01  0.6633108E+01  0.3875430E+02 -0.1296429E-02 -0.1034638E-02 -0.3009881E-04
   204  0.9430560E+01  0.4399630E+01  0.3675437E+02  0.3892633E-03  0.7949485E-03 -0.1593434E-02
   205  0.8963755E+01  0.8074217E+01  0.3756470E+02  0.9237424E-03 -0.3530569E-02  0.5092823E-03
   206  0.6660093E+01  0.1176682E+02  0.2797914E+02  0.9777329E-03  0.3145584E-03 -0.8545261E-03
   207  0.6314472E+01  0.6566906E+01  0.3998049E+02  0.7888121E-03 -0.1795756E-02 -0.1853730E-02
   208  0.1822110E+02  0.6328508E+01  0.5113771E+02  0.4382105E-03 -0.1533117E-02 -0.1383215E-02
   209  0.1452205E+01  0.7202178E+01  0.3513787E+02 -0.4220079E-02  0.1576148E-02 -0.6723761E-03
   210  0.1725851E+01  0.9044347E+01  0.4501164E+02  0.2990905E-02 -0.1432749E-02 -0.3429151E-02
   211  0.1954675E+02  0.7830247E+01  0.4134669E+02  0.7164751E-03  0.2501011E-02  0.2157212E-02
   212  0.1000434E+02  0.3346025E+00  0.4206714E+02  0.3195615E-03 -0.7984069E-03  0.5437605E-02
   213  0.1462914E+02  0.1336007E+02  0.3864981E+02 -0.3009291E-02  0.3560653E-02 -0.1052519E-03
   214  0.1513706E+02  0.6106082E+01  0.4127585E+02  0.1322605E-02  0.2400682E-02  0.2094475E-02
   215  0.1560150E+02  0.5350445E+01  0.4810586E+02 -0.1812486E-02 -0.6149499E-03  0.9286591E-03
   216  0.2137771E+01  0.1403618E+02  0.4517837E+02  0.7658006E-03 -0.2945126E-02 -0.1910604E-02
   217  0.2819679E+01  0.8536661E+00  0.3341398E+02  0.5303201E-03  0.3118310E-04  0.2738736E-03
   218  0.5872378E+01  0.1309084E+00  0.4756104E+02  0.1442843E-02 -0.7947430E-03 -0.1304962E-02
   219  0.1363714E+02  0.5480172E+01  0.3705186E+02  0.4782873E-02  0.1712710E-02 -0.3222071E-02
   220  0.1535577E+02  0.1916505E+02  0.2970810E+02  0.4766581E-03 -0.3835141E-04 -0.1899288E-02
   221  0.7576865E+01  0.1790302E+02  0.4327809E+02  0.1177408E-02  0.2314889E-02  0.3504548E-02
   222  0.9696732E+01  0.1913972E+02  0.4596373E+02 -0.6055635E-04  0.1041151E-02 -0.2752498E-03
   223  0.3490930E+01  0.2590492E+01  0.4920295E+02 -0.1409903E-02  0.5243805E-02 -0.2672031E-02
   224  0.1716856E+02  0.1044619E+02  0.4265966E+02  0.2455124E-03  0.5533889E-03 -0.1194319E-02
   225  0.7388405E+01  0.1165292E+02  0.3405741E+02 -0.1638641E-02 -0.2330205E-02 -0.3415261E-02
   226  0.9150990E+01  0.9124354E+01  0.4251181E+02 -0.2252947E-02 -0.1725416E-03  0.1623293E-02
   227  0.6490050E+01  0.1529157E+02  0.4635590E+02  0.2224454E-02 -0.3547956E-02 -0.9587378E-03
   228  0.1356317E+02  0.4879036E+01  0.4402218E+02  0.2108945E-02 -0.5872490E-03  0.2567839E-03
   229  0.1426074E+02  0.1665819E+02  0.4496078E+02  0.1661643E-02  0.2520230E-02 -0.3571584E-02
   230  0.2910248E+01  0.5615807E+01  0.4239792E+02  0.1728516E-03 -0.1521402E-03 -0.3049844E-02
   231  0.1760395E+02  0.1459630E+02  0.4486225E+02  0.3233295E-02  0.1157614E-02  0.2517017E-02
   232  0.7469528E+01  0.3892405E+01  0.5057388E+02 -0.1977727E-02 -0.4266498E-02  0.2412951E-02
   233  0.6599798E-01  0.1365660E+02  0.4777862E+02  0.2676298E-02  0.3557897E-03  0.5192369E-03
   234  0.6292631E+00  0.1737978E+02  0.4790843E+02  0.3015294E-03  0.1197554E-02 -0.1789030E-02
   235  0.1546345E+02  0.1223278E+01  0.4901169E+02 -0.1580575E-03  0.4516232E-03 -0.7372994E-03
   236  0.8835851E+01  0.8970359E+01  0.4661792E+02  0.1200165E-02 -0.3015403E-02  0.8795842E-03
   237  0.3732258E+00  0.1531391E+02  0.4212282E+02 -0.1921836E-02  0.1490499E-03 -0.2797126E-02
   238  0.1767649E+02  0.3412108E+01  0.4013265E+02  0.1228583E-02  0.8949738E-03 -0.2548712E-03
   239  0.3214684E+01  0.1131188E+02  0.4819718E+02 -0.3534912E-02 -0.2308831E-02  0.2563710E-02
   240  0.9712519E+01  0.8762097E+01  0.5098015E+02 -0.1519967E-02 -0.1832127E-02 -0.1465518E-02
   241  0.6730939E+01  0.6334431E+01  0.4673752E+02 -0.1434499E-02  0.1090481E-02  0.2937278E-02
   242  0.3708598E+01  0.1830344E+02  0.4996393E+02  0.1130915E-02  0.1100701E-03 -0.1813772E-02
   243  0.9137962E+01  0.1927736E+02  0.5007234E+02  0.1518642E-02 -0.2315007E-03 -0.1151699E-02
   244  0.1157369E+02  0.1543395E+02  0.5021504E+02 -0.1719554E-02  0.9579836E-03 -0.1286509E-02
   245  0.1777166E+02  0.1953973E+02  0.4614778E+02 -0.2098925E-02 -0.3212609E-02 -0.1054669E-02
   246  0.4746495E+01  0.1156590E+02  0.4507151E+02 -0.9452659E-03  0.5187749E-03 -0.4537368E-03
   247  0.1220523E+02  0.2585313E+01  0.4882719E+02  0.2815987E-02  0.5955812E-04  0.1488006E-02
   248  0.1217515E+02  0.9199381E+01  0.4484267E+02  0.1117664E-02 -0.8064887E-03  0.2091509E-02
   249  0.1106004E+01  0.8797996E+01  0.4958552E+02  0.3041717E-02  0.8303822E-03  0.4728544E-03
   250  0.1386949E+02  0.1910704E+01  0.4133787E+02 -0.2976360E-02  0.6119656E-03  0.9619165E-03
   251  0.1308668E+02  0.1730606E+02  0.4138663E+02 -0.6255435E-04  0.1805659E-02 -0.2037620E-03
   252  0.3903674E+01  0.1794289E+02  0.4521700E+02  0.1081613E-03  0.3102061E-02 -0.1635166E-03
   253  0.1216459E+02  0.7144970E+01  0.4850108E+02  0.2541687E-02  0.4309513E-02 -0.7043413E-03
   254  0.1855125E+02  0.1587036E+02  0.5125507E+02 -0.5192838E-02  0.7066883E-03 -0.1293313E-02
   255  0.7440568E+01  0.1256378E+02  0.4892818E+02  0.2403032E-02 -0.1014725E-02 -0.1704981E-02
   256  0.1149555E+02  0.4737952E+01  0.5149174E+02  0.1330960E-02 -0.4687173E-03 -0.1860671E-02
   257  0.6967656E+01  0.1631177E+02  0.5078464E+02 -0.8432887E-03  0.5451930E-03 -0.1149509E-02
   258  0.1716028E+02  0.1096687E+02  0.4943097E+02 -0.5870144E-03 -0.1864146E-03  0.1725363E-02
   259  0.5166828E+01  0.1080686E+02  0.5140802E+02 -0.8329413E-03  0.1070101E-02 -0.2399518E-02
   260  0.3899775E+01  0.1485204E+02  0.4866651E+02 -0.5292723E-03  0.7443369E-03  0.1335446E-03
   261  0.8416059E+01  0.1272101E+02  0.4502354E+02  0.2161469E-02  0.1950926E-02 -0.2604154E-03
   262  0.9191066E+01  0.1634227E+02  0.4770753E+02 -0.1193805E-02  0.2958703E-03  0.1614034E-02
   263  0.1511702E+01  0.1383588E+02  0.5145293E+02  0.4534438E-03 -0.2272052E-03  0.7544382E-04
   264  0.1334494E+02  0.1185105E+02  0.4892017E+02 -0.1499484E-03 -0.1804787E-02  0.5132440E-03
   265  0.1490103E+02  0.3728850E+01  0.5149060E+02 -0.1052023E-02 -0.2161382E-02 -0.2999640E-03
   266  0.1610044E+02  0.8696259E+01  0.4563686E+02  0.1202789E-02  0.1514043E-02 -0.1962462E-02
   267  0.1018001E+02  0.5696677E+01  0.4528384E+02 -0.1197876E-02  0.1462189E-03  0.2185464E-03
   268  0.3716194E+01  0.6197824E+01  0.5029132E+02  0.5901791E-03  0.1192699E-02 -0.4065770E-03
   269  0.1690457E+02  0.1655584E+02  0.4809542E+02  0.1206690E-02  0.1101823E-02 -0.9868177E-03
   270  0.1421437E+02  0.1859771E+02  0.5183386E+02  0.1760761E-02  0.1876400E-02 -0.2186724E-02
     1  0.9800000E+00  0.9800000E+00  0.9800000E+00  0.0000000E+00  0.0000000E+00  0.0000000E+00
     2  0.9800000E+00  0.4900000E+01  0.9800000E+00  0.0000000E+00  0.0000000E+00  0.0000000E+00
     3  0.9800000E+00  0.8820000E+01  0.9800000E+00  0.0000000E+00  0.0000000E+00  0.0000000E+00
     4  0.9800000E+00  0.1274000E+02  0.9800000E+00  0.0000000E+00  0.0000000E+00  0.0000000E+00
     5  0.9800000E+00  0.1666000E+02  0.9800000E+00  0.0000000E+00  0.0000000E+00  0.0000000E+00
     6  0.2940000E+01  0.2940000E+01  0.9800000E+00  0.0000000E+00  0.0000000E+00  0.0000000E+00
     7  0.2940000E+01  0.6860000E+01  0.9800000E+00  0.0000000E+00  0.0000000E+00  0.0000000E+00
     8  0.2940000E+01  0.1078000E+02  0.9800000E+00  0.0000000E+00  0.0000000E+00  0.0000000E+00
     9  0.2940000E+01  0.1470000E+02  0.9800000E+00  0.0000000E+00  0.0000000E+00  0.0000000E+00
    10  0.2940000E+01  0.1862000E+02  0.9800000E+00  0.0000000E+00  0.0000000E+00  0.0000000E+00
    11  0.4900000E+01  0.9800000E+00  0.9800000E+00  0.0000000E+00  0.0000000E+00  0.0000000E+00
    12  0.4900000E+01  0.4900000E+01  0.9800000E+00  0.0000000E+00  0.0000000E+00  0.0000000E+00
    13  0.4900000E+01  0.8820000E+01  0.9800000E+00  0.0000000E+00  0.0000000E+00  0.0000000E+00
    14  0.4900000E+01  0.1274000E+02  0.9800000E+00  0.0000000E+00  0.0000000E+00  0.0000000E+00
    15  0.4900000E+01  0.1666000E+02  0.9800000E+00  0.0000000E+00  0.0000000E+00  0.0000000E+00
    16  0.6860000E+01  0.2940000E+01  0.9800000E+00  0.0000000E+00  0.0000000E+00  0.0000000E+00
    17  0.6860000E+01  0.6860000E+01  0.9800000E+00  0.0000000E+00  0.0000000E+00  0.0000000E+00
    18  0.6860000E+01  0.1078000E+02  0.9800000E+00  0.0000000E+00  0.0000000E+00  0.0000000E+00
    19  0.6860000E+01  0.1470000E+02  0.9800000E+00  0.0000000E+00  0.0000000E+00  0.0000000E+00
    20  0.6860000E+01  0.1862000E+02  0.9800000E+00  0.0000000E+00  0.0000000E+00  0.0000000E+00
    21  0.8820000E+01  0.9800000E+00  0.9800000E+00  0.0000000E+00  0.0000000E+00  0.0000000E+00
    22  0.8820000E+01  0.4900000E+01  0.9800000E+00  0.0000000E+00  0.0000000E+00  0.0000000E+00
    23  0.8820000E+01  0.8820000E+01  0.9800000E+00  0.0000000E+00  0.0000000E+00  0.0000000E+00
    24  0.8820000E+01  0.1274000E+02  0.9800000E+00  0.0000000E+00  0.0000000E+00  0.0000000E+00
    25  0.8820000E+01  0.1666000E+02  0.9800000E+00  0.0000000E+00  0.0000000E+00  0.0000000E+00
    26  0.1078000E+02  0.2940000E+01  0.9800000E+00  0.0000000E+00  0.0000000E+00  0.0000000E+00
    27  0.1078000E+02  0.6860000E+01  0.9800000E+00  0.0000000E+00  0.0000000E+00  0.0000000E+00
    28  0.1078000E+02  0.1078000E+02  0.9800000E+00  0.0000000E+00  0.0000000E+00  0.0000000E+00
    29  0.1078000E+02  0.1470000E+02  0.9800000E+00  0.0000000E+00  0.0000000E+00  0.0000000E+00
    30  0.1078000E+02  0.1862000E+02  0.9800000E+00  0.0000000E+00  0.0000000E+00  0.0000000E+00
    31  0.1274000E+02  0.9800000E+00  0.9800000E+00  0.0000000E+00  0.0000000E+00  0.0000000E+00
    32  0.1274000E+02  0.4900000E+01  0.9800000E+00  0.0000000E+00  0.0000000E+00  0.0000000E+00
    33  0.1274000E+02  0.8820000E+01  0.9800000E+00  0.0000000E+00  0.0000000E+00  0.0000000E+00
    34  0.1274000E+02  0.1274000E+02  0.9800000E+00  0.0000000E+00  0.0000000E+00  0.0000000E+00
    35  0.1274000E+02  0.1666000E+02  0.9800000E+00  0.0000000E+00  0.0000000E+00  0.0000000E+00
    36  0.1470000E+02  0.2940000E+01  0.9800000E+00  0.0000000E+00  0.0000000E+00  0.0000000E+00
    37  0.1470000E+02  0.6860000E+01  0.9800000E+00  0.0000000E+00  0.0000000E+00  0.0000000E+00
    38  0.1470000E+02  0.1078000E+02  0.9800000E+00  0.0000000E+00  0.0000000E+00  0.0000000E+00
    39  0.1470000E+02  0.1470000E+02  0.9800000E+00  0.0000000E+00  0.0000000E+00  0.0000000E+00
    40  0.1470000E+02  0.1862000E+02  0.9800000E+00  0.0000000E+00  0.0000000E+00  0.0000000E+00
    41  0.1666000E+02  0.9800000E+00  0.9800000E+00  0.0000000E+00  0.0000000E+00  0.0000000E+00
    42  0.1666000E+02  0.4900000E+01  0.9800000E+00  0.0000000E+00  0.0000000E+00  0.0000000E+00
    43  0.1666000E+02  0.8820000E+01  0.9800000E+00  0.0000000E+00  0.0000000E+00  0.0000000E+00
    44  0.1666000E+02  0.1274000E+02  0.9800000E+00  0.0000000E+00  0.0000000E+00  0.0000000E+00
    45  0.1666000E+02  0.1666000E+02  0.9800000E+00  0.0000000E+00  0.0000000E+00  0.0000000E+00
    46  0.1862000E+02  0.2940000E+01  0.9800000E+00  0.0000000E+00  0.0000000E+00  0.0000000E+00
    47  0.1862000E+02  0.6860000E+01  0.9800000E+00  0.0000000E+00  0.0000000E+00  0.0000000E+00
    48  0.1862000E+02  0.1078000E+02  0.9800000E+00  0.0000000E+00  0.0000000E+00  0.0000000E+00
    49  0.1862000E+02  0.1470000E+02  0.9800000E+00  0.0000000E+00  0.0000000E+00  0.0000000E+00
    50  0.1862000E+02  0.1862000E+02  0.9800000E+00  0.0000000E+00  0.0000000E+00  0.0000000E+00
    51  0.9930150E+00  0.2958511E+01  0.2927587E+01  0.6655203E-03 -0.1266546E-02 -0.5157311E-03
    52  0.9652032E+00  0.6884717E+01  0.2886022E+01 -0.1296146E-02  0.7514199E-03  0.1509692E-02
    53  0.1000624E+01  0.1074907E+02  0.2883648E+01 -0.1146421E-02 -0.6871023E-03 -0.3872025E-03
    54  0.9514450E+00  0.1466715E+02  0.2882685E+01  0.5936646E-03 -0.1548647E-02 -0.8219996E-03
    55  0.9461510E+00  0.1864955E+02  0.2855069E+01  0.3859235E-03  0.2685895E-03  0.1593177E-02
    56  0.2952477E+01  0.9716109E+00  0.2903246E+01  0.2743714E-03 -0.1052138E-02 -0.1469662E-02
    57  0.2914377E+01  0.4936872E+01  0.2880211E+01  0.6752387E-03  0.3543959E-03  0.2363131E-03
    58  0.2933745E+01  0.8818450E+01  0.2860380E+01  0.3412446E-03  0.1150882E-02 -0.1548176E-03
    59  0.2925523E+01  0.1272729E+02  0.2953428E+01 -0.2716147E-03  0.7488912E-03 -0.2675932E-03
    60  0.2961748E+01  0.1668249E+02  0.2860571E+01 -0.1064052E-02 -0.1139027E-03  0.4286315E-03
    61  0.4907664E+01  0.2938084E+01  0.2860478E+01  0.1286828E-02 -0.3944062E-03  0.2207299E-02
    62  0.4890873E+01  0.6863365E+01  0.2880571E+01  0.1969726E-02  0.3905533E-03 -0.7335725E-03
    63  0.4910164E+01  0.1077184E+02  0.2933513E+01 -0.3713551E-03  0.3051172E-03 -0.1338740E-02
    64  0.4940489E+01  0.1470354E+02  0.2840215E+01 -0.8631296E-03  0.1105440E-03  0.9228841E-05
    65  0.4913450E+01  0.1858432E+02  0.2959068E+01 -0.1271640E-02  0.7071360E-03 -0.2091538E-03
    66  0.6878719E+01  0.9520318E+00  0.2915397E+01  0.2148284E-03 -0.1301983E-02 -0.6429820E-03
    67  0.6858539E+01  0.4920090E+01  0.2917110E+01  0.5195418E-03  0.3750421E-03  0.1233313E-02
    68  0.6849170E+01  0.8818822E+01  0.2883935E+01 -0.3362803E-03 -0.1052898E-03 -0.3512951E-03
    69  0.6863013E+01  0.1278141E+02  0.2867594E+01  0.6476313E-03 -0.4978659E-03  0.6078995E-03
    70  0.6879508E+01  0.1662701E+02  0.2924673E+01 -0.7412783E-03  0.5769447E-03 -0.7578961E-04
    71  0.8771304E+01  0.2962167E+01  0.2875333E+01  0.1257378E-02 -0.2425777E-02 -0.4287613E-03
    72  0.8791793E+01  0.6908901E+01  0.2910824E+01 -0.6831337E-03 -0.4704225E-04 -0.9921914E-03
    73  0.8792888E+01  0.1079438E+02  0.2870598E+01 -0.1565680E-02 -0.6656090E-04 -0.1473858E-03
    74  0.8843547E+01  0.1469933E+02  0.2891931E+01 -0.4095845E-04 -0.1155649E-02  0.1262096E-03
    75  0.8835425E+01  0.1861498E+02  0.2915028E+01  0.1398374E-02  0.9468947E-03  0.8259934E-03
    76  0.1078431E+02  0.9693521E+00  0.2916057E+01 -0.2339776E-02  0.6712113E-03  0.2020287E-02
    77  0.1076170E+02  0.4839941E+01  0.2880459E+01 -0.9806837E-03 -0.3808117E-03 -0.2718188E-03
    78  0.1068106E+02  0.8772920E+01  0.2881727E+01 -0.1285420E-02  0.3802303E-03  0.9616752E-03
    79  0.1079197E+02  0.1277673E+02  0.2923553E+01  0.1193242E-02 -0.1423975E-02 -0.1988574E-03
    80  0.1082418E+02  0.1666289E+02  0.2914351E+01 -0.4525796E-03  0.3989724E-03  0.1091339E-03
    81  0.1275490E+02  0.2925231E+01  0.2854435E+01 -0.1143202E-02  0.3913489E-03  0.1817096E-03
    82  0.1272853E+02  0.6843314E+01  0.2876343E+01 -0.3000352E-03 -0.7731079E-03 -0.5139483E-03
    83  0.1275390E+02  0.1076476E+02  0.2907018E+01  0.2749057E-04 -0.7531876E-03 -0.5730236E-03
    84  0.1272320E+02  0.1471550E+02  0.2918984E+01  0.8447009E-04  0.4831829E-03 -0.2590554E-05
    85  0.1278001E+02  0.1864954E+02  0.2874052E+01 -0.1120344E-02  0.5104271E-03  0.1572656E-02
    86  0.1474240E+02  0.9969499E+00  0.2916502E+01  0.9145776E-03 -0.1021066E-03 -0.5713293E-03
    87  0.1474657E+02  0.4907993E+01  0.2896726E+01 -0.4626277E-03  0.1370541E-02 -0.6300182E-03
    88  0.1471053E+02  0.8813055E+01  0.2858765E+01  0.1260771E-02 -0.5381324E-03 -0.6325466E-04
    89  0.1465408E+02  0.1270466E+02  0.2910422E+01  0.7473633E-03 -0.8213260E-04  0.5500910E-04
    90  0.1470268E+02  0.1671123E+02  0.2877377E+01  0.6443195E-03 -0.9155653E-04  0.8939862E-04
    91  0.1669979E+02  0.2920941E+01  0.2877944E+01  0.1698979E-03 -0.1696770E-03  0.1060168E-02
    92  0.1667534E+02  0.6846287E+01  0.2887352E+01 -0.6680605E-03 -0.8982034E-03  0.1018010E-02
    93  0.1667887E+02  0.1078202E+02  0.2896374E+01  0.1332028E-02 -0.1675950E-02  0.2939045E-04
    94  0.1661823E+02  0.1467755E+02  0.2885946E+01 -0.4576444E-03 -0.3862691E-03  0.1691588E-02
    95  0.1662794E+02  0.1865010E+02  0.2879400E+01 -0.1807250E-03 -0.2742637E-03 -0.1221959E-02
    96  0.1868084E+02  0.9507054E+00  0.2943689E+01  0.1198756E-02  0.8673782E-03  0.7772467E-04
    97  0.1860179E+02  0.4915687E+01  0.2936964E+01 -0.6186911E-03  0.1061686E-02  0.1252580E-02
    98  0.1862058E+02  0.8792051E+01  0.2921576E+01 -0.9124281E-03 -0.2590770E-03  0.3607376E-03
    99  0.1860226E+02  0.1274154E+02  0.2867058E+01 -0.2038779E-02 -0.4992577E-03  0.7994254E-04
   100  0.1860658E+02  0.1665787E+02  0.2908629E+01  0.9008350E-03 -0.6655119E-03  0.2380980E-03
   101  0.1004094E+01  0.9714027E+00  0.4801318E+01  0.3923041E-03  0.6073177E-05  0.1021846E-02
   102  0.1006264E+01  0.4911066E+01  0.4763511E+01 -0.5609006E-03 -0.4449577E-03 -0.5332874E-03
   103  0.1023964E+01  0.8810519E+01  0.4823961E+01 -0.1699403E-02 -0.1000622E-02 -0.1458142E-02
   104  0.9502395E+00  0.1271992E+02  0.4758897E+01  0.9981466E-03  0.1951416E-02  0.5936434E-03
   105  0.9447810E+00  0.1669733E+02  0.4772969E+01  0.5799868E-03  0.2819094E-03 -0.1100710E-02
   106  0.2982413E+01  0.2951904E+01  0.4763396E+01 -0.2912706E-03  0.2963361E-03  0.2377128E-02
   107  0.2972572E+01  0.6863254E+01  0.4754015E+01  0.4853344E-03 -0.5287615E-04  0.1070290E-02
   108  0.2920540E+01  0.1071900E+02  0.4827858E+01  0.1791425E-02 -0.1963797E-03  0.3926997E-03
   109  0.2981252E+01  0.1472618E+02  0.4723417E+01 -0.5356100E-03 -0.2118896E-04  0.6840057E-03
   110  0.2936309E+01  0.1858290E+02  0.4720536E+01 -0.5100345E-03  0.6047771E-03  0.1043971E-02
   111  0.4873413E+01  0.9610283E+00  0.4778202E+01 -0.5422891E-03  0.1002605E-02 -0.6131090E-03
   112  0.4907143E+01  0.4859427E+01  0.4769069E+01 -0.3747745E-03 -0.2897223E-03  0.4498287E-03
   113  0.4904107E+01  0.8849769E+01  0.4799307E+01 -0.7751711E-03 -0.5218012E-03 -0.1229950E-02
   114  0.4939684E+01  0.1274142E+02  0.4800326E+01 -0.4659360E-03  0.4136440E-03  0.8715353E-03
   115  0.4944314E+01  0.1661713E+02  0.4782390E+01 -0.1518729E-02  0.3745649E-03 -0.1475295E-03
   116  0.6846798E+01  0.2882692E+01  0.4727741E+01  0.1045323E-03  0.3750072E-03 -0.1004854E-03
   117  0.6882241E+01  0.6852777E+01  0.4831537E+01  0.1169370E-02  0.3396600E-03  0.5360200E-05
   118  0.6882478E+01  0.1075568E+02  0.4766069E+01  0.3918686E-03 -0.6413576E-03 -0.1398149E-03
   119  0.6809444E+01  0.1468677E+02  0.4796719E+01 -0.3333599E-03 -0.7323983E-03 -0.3259554E-03
   120  0.6951855E+01  0.1862657E+02  0.4843373E+01  0.4805721E-03  0.4801734E-03  0.1337941E-02
   121  0.8836556E+01  0.1005282E+01  0.4745145E+01  0.1059440E-02 -0.2097122E-02 -0.7831357E-05
   122  0.8809513E+01  0.4905970E+01  0.4788677E+01 -0.4061094E-03  0.1414130E-02 -0.9620131E-03
   123  0.8769604E+01  0.8865627E+01  0.4834376E+01 -0.3024439E-03 -0.7809751E-03 -0.8576113E-03
   124  0.8814661E+01  0.1274821E+02  0.4753211E+01 -0.3791128E-03 -0.6440215E-03  0.8350809E-03
   125  0.8860237E+01  0.1661061E+02  0.4792345E+01  0.3243399E-03  0.1120594E-03 -0.4082441E-03
   126  0.1077748E+02  0.2975577E+01  0.4785842E+01 -0.2072428E-02  0.6146473E-03  0.7605146E-03
   127  0.1071616E+02  0.6879066E+01  0.4756737E+01  0.2069775E-03 -0.3956035E-04 -0.1483630E-02
   128  0.1078714E+02  0.1074782E+02  0.4756402E+01 -0.3169373E-03 -0.1532596E-02 -0.8706578E-03
   129  0.1079308E+02  0.1475473E+02  0.4804635E+01 -0.5506669E-03 -0.1284032E-02 -0.5930913E-03
   130  0.1079640E+02  0.1859875E+02  0.4780844E+01 -0.5965969E-03  0.3994814E-03  0.1017044E-02
   131  0.1272432E+02  0.9777570E+00  0.4784707E+01  0.1283752E-02 -0.1456941E-02  0.4065705E-03
   132  0.1273929E+02  0.4889104E+01  0.4733017E+01  0.1348440E-02  0.2525950E-03  0.7563441E-03
   133  0.1276076E+02  0.8749212E+01  0.4701403E+01 -0.2153778E-04 -0.1507918E-02  0.8465686E-03
   134  0.1273401E+02  0.1279729E+02  0.4782594E+01  0.3168320E-03  0.1397425E-02 -0.7624767E-03
   135  0.1274372E+02  0.1666916E+02  0.4759213E+01  0.4522155E-03 -0.6280660E-03 -0.1588454E-02
   136  0.1467006E+02  0.2994630E+01  0.4783138E+01  0.9914891E-03 -0.6490472E-03  0.1304299E-04
   137  0.1467491E+02  0.6877899E+01  0.4776361E+01 -0.7853528E-03  0.1454500E-02 -0.3450938E-03
   138  0.1470283E+02  0.1074545E+02  0.4754537E+01  0.7898920E-03 -0.4067316E-03 -0.1399606E-02
   139  0.1469043E+02  0.1469611E+02  0.4759911E+01  0.6100188E-03 -0.1227767E-02 -0.1115938E-02
   140  0.1472289E+02  0.1860805E+02  0.4811053E+01 -0.3533343E-03 -0.1212480E-03 -0.4342663E-03
   141  0.1671160E+02  0.1008881E+01  0.4764222E+01  0.1760990E-02  0.7374129E-03  0.1121047E-03
   142  0.1664024E+02  0.4889791E+01  0.4841728E+01 -0.1950277E-03 -0.2125570E-02  0.7742612E-03
   143  0.1665840E+02  0.8778348E+01  0.4818370E+01 -0.8330804E-03 -0.2415203E-03  0.2094145E-03
   144  0.1659681E+02  0.1270550E+02  0.4813226E+01  0.1048883E-02  0.1871074E-03  0.9024418E-03
   145  0.1662569E+02  0.1663723E+02  0.4786173E+01 -0.1976517E-03  0.1162688E-02  0.2659813E-03
   146  0.1867997E+02  0.2958830E+01  0.4768814E+01 -0.4087034E-03  0.4302337E-03 -0.5480252E-03
   147  0.1860063E+02  0.6843179E+01  0.4787609E+01 -0.1950594E-03 -0.1532103E-02  0.1016215E-03
   148  0.1861118E+02  0.1079303E+02  0.4770208E+01 -0.4452939E-03 -0.7600598E-03  0.5365519E-03
   149  0.1854292E+02  0.1468207E+02  0.4809603E+01  0.3162193E-03  0.1381480E-03 -0.4348037E-04
   150  0.1856409E+02  0.1859061E+02  0.4784988E+01  0.3390238E-03  0.9489989E-03 -0.4360887E-04
   151  0.1061391E+01  0.2904264E+01  0.6723542E+01  0.1009118E-02  0.1740118E-02  0.7544915E-03
   152  0.9628836E+00  0.6945925E+01  0.6714161E+01 -0.1022896E-02  0.5157131E-04  0.5132346E-03
   153  0.9784689E+00  0.1081896E+02  0.6713273E+01 -0.4484581E-03  0.5405894E-03  0.4279445E-03
   154  0.1019773E+01  0.1466463E+02  0.6588911E+01  0.1309073E-02  0.2393632E-03 -0.3292674E-03
   155  0.9660342E+00  0.1857063E+02  0.6674302E+01 -0.2220896E-03  0.1912618E-03 -0.5149956E-03
   156  0.2973117E+01  0.8935990E+00  0.6670233E+01  0.7172913E-03 -0.1101042E-02  0.9126539E-04
   157  0.2879785E+01  0.4912616E+01  0.6697428E+01  0.1734016E-02 -0.1102196E-02  0.4801883E-03
   158  0.2933966E+01  0.8814671E+01  0.6768675E+01  0.3508093E-03 -0.3713253E-03  0.4656120E-03
   159  0.2930401E+01  0.1275557E+02  0.6678292E+01  0.3484415E-03 -0.1092024E-03 -0.1757911E-03
   160  0.2934900E+01  0.1664482E+02  0.6671055E+01 -0.9447251E-03  0.4199452E-03 -0.7911260E-03
   161  0.4897435E+01  0.2938479E+01  0.6650178E+01  0.5417582E-03 -0.2173546E-03 -0.9203622E-03
   162  0.4920636E+01  0.6862470E+01  0.6668172E+01 -0.1073069E-03  0.9566051E-04 -0.2414697E-03
   163  0.4942636E+01  0.1080973E+02  0.6715879E+01  0.3821299E-03 -0.1829374E-03  0.2053622E-03
   164  0.4878089E+01  0.1465148E+02  0.6763060E+01 -0.4179866E-03 -0.1917288E-03  0.1365256E-02
   165  0.4972983E+01  0.1856353E+02  0.6634267E+01  0.3969656E-03  0.3294509E-03 -0.6391561E-03
   166  0.6870752E+01  0.9841397E+00  0.6684121E+01 -0.3086787E-03 -0.1130825E-02 -0.1011311E-02
   167  0.6874081E+01  0.4899186E+01  0.6682769E+01  0.2466300E-03  0.8590998E-03  0.9010846E-03
   168  0.6893054E+01  0.8831561E+01  0.6717217E+01 -0.9368315E-03  0.8411335E-03  0.1056668E-02
   169  0.6852395E+01  0.1273104E+02  0.6756794E+01  0.2025416E-03 -0.4903311E-03 -0.4483346E-03
   170  0.6944351E+01  0.1665814E+02  0.6716680E+01 -0.6293840E-03  0.4060010E-03 -0.1256811E-02
   171  0.8834776E+01  0.2942349E+01  0.6627637E+01  0.8249506E-03 -0.3891280E-04 -0.2084168E-03
   172  0.8904195E+01  0.6852045E+01  0.6770126E+01  0.1956847E-02 -0.6326811E-03  0.7080098E-06
   173  0.8878042E+01  0.1084532E+02  0.6714464E+01 -0.1227013E-02 -0.8636440E-03 -0.2256417E-03
   174  0.8828185E+01  0.1465122E+02  0.6634937E+01  0.1344758E-02  0.9267216E-03  0.5018363E-04
   175  0.8868680E+01  0.1868057E+02  0.6767690E+01 -0.1286926E-02 -0.6621572E-03  0.1260512E-02
   176  0.1079006E+02  0.9824969E+00  0.6705115E+01 -0.9114919E-04  0.1949371E-03  0.5986131E-03
   177  0.1079082E+02  0.4918236E+01  0.6685976E+01 -0.2536094E-03 -0.5202599E-04  0.4826703E-03
   178  0.1081759E+02  0.8826539E+01  0.6646207E+01  0.4451827E-03  0.5016138E-03 -0.3537960E-03
   179  0.1080725E+02  0.1276631E+02  0.6701349E+01  0.1398701E-02 -0.4309299E-03  0.1861555E-02
   180  0.1079754E+02  0.1669714E+02  0.6746486E+01 -0.1131420E-02  0.1140147E-02 -0.8579089E-03
   181  0.1273281E+02  0.2942308E+01  0.6720405E+01 -0.1796997E-03 -0.1399260E-02  0.1234259E-02
   182  0.1273410E+02  0.6804048E+01  0.6673051E+01  0.2253934E-03 -0.8599776E-03 -0.1720856E-02
   183  0.1275674E+02  0.1072900E+02  0.6657458E+01 -0.1779197E-02  0.7229314E-03 -0.9828501E-04
   184  0.1280690E+02  0.1469236E+02  0.6689076E+01 -0.7713189E-03  0.1091157E-02  0.6795319E-03
   185  0.1278787E+02  0.1865876E+02  0.6684478E+01 -0.8377692E-04  0.9170840E-03 -0.9983046E-03
   186  0.1471715E+02  0.9978814E+00  0.6681691E+01 -0.4636396E-03 -0.1124300E-03  0.1014822E-02
   187  0.1473506E+02  0.4918021E+01  0.6741019E+01 -0.5054106E-03 -0.2261938E-02  0.4404397E-03
   188  0.1465924E+02  0.8732368E+01  0.6668755E+01  0.7414839E-03  0.2580142E-04 -0.3378319E-03
   189  0.1467120E+02  0.1271303E+02  0.6712495E+01 -0.2661542E-03 -0.5932020E-04  0.2288516E-02
   190  0.1470586E+02  0.1666719E+02  0.6704423E+01 -0.9541043E-03  0.3837084E-03  0.1814025E-03
   191  0.1669929E+02  0.2965781E+01  0.6713075E+01  0.6230094E-03 -0.7164171E-03 -0.7269258E-03
   192  0.1667676E+02  0.6855248E+01  0.6728160E+01 -0.2037203E-03 -0.4732533E-03 -0.4280455E-03
   193  0.1658991E+02  0.1073023E+02  0.6743671E+01 -0.3129772E-03 -0.1043718E-03  0.5535581E-03
   194  0.1664652E+02  0.1470175E+02  0.6740267E+01  0.6673323E-03  0.1101849E-02 -0.2271898E-03
   195  0.1667027E+02  0.1862634E+02  0.6720883E+01  0.1023922E-02  0.3397423E-03  0.9724340E-03
   196  0.1860687E+02  0.9728794E+00  0.6700350E+01  0.1952109E-03 -0.4922179E-03 -0.1788247E-03
   197  0.1862585E+02  0.4908777E+01  0.6688793E+01 -0.9966323E-03 -0.8868092E-04  0.2594237E-03
   198  0.1863625E+02  0.8820977E+01  0.6712339E+01  0.2638662E-03  0.2402995E-04 -0.3168577E-03
   199  0.1862945E+02  0.1274976E+02  0.6731146E+01  0.5087725E-03 -0.5449241E-03 -0.6386263E-03
   200  0.1860601E+02  0.1660065E+02  0.6711252E+01  0.9259719E-03 -0.1004541E-02  0.1362764E-02
