   19.600000000000001     
   19.600000000000001     
   60.680000000000007     
     1  0.9800000E+00  0.9800000E+00  0.5970000E+02  0.0000000E+00  0.0000000E+00  0.0000000E+00
     2  0.9800000E+00  0.4900000E+01  0.5970000E+02  0.0000000E+00  0.0000000E+00  0.0000000E+00
     3  0.9800000E+00  0.8820000E+01  0.5970000E+02  0.0000000E+00  0.0000000E+00  0.0000000E+00
     4  0.9800000E+00  0.1274000E+02  0.5970000E+02  0.0000000E+00  0.0000000E+00  0.0000000E+00
     5  0.9800000E+00  0.1666000E+02  0.5970000E+02  0.0000000E+00  0.0000000E+00  0.0000000E+00
     6  0.2940000E+01  0.2940000E+01  0.5970000E+02  0.0000000E+00  0.0000000E+00  0.0000000E+00
     7  0.2940000E+01  0.6860000E+01  0.5970000E+02  0.0000000E+00  0.0000000E+00  0.0000000E+00
     8  0.2940000E+01  0.1078000E+02  0.5970000E+02  0.0000000E+00  0.0000000E+00  0.0000000E+00
     9  0.2940000E+01  0.1470000E+02  0.5970000E+02  0.0000000E+00  0.0000000E+00  0.0000000E+00
    10  0.2940000E+01  0.1862000E+02  0.5970000E+02  0.0000000E+00  0.0000000E+00  0.0000000E+00
    11  0.4900000E+01  0.9800000E+00  0.5970000E+02  0.0000000E+00  0.0000000E+00  0.0000000E+00
    12  0.4900000E+01  0.4900000E+01  0.5970000E+02  0.0000000E+00  0.0000000E+00  0.0000000E+00
    13  0.4900000E+01  0.8820000E+01  0.5970000E+02  0.0000000E+00  0.0000000E+00  0.0000000E+00
    14  0.4900000E+01  0.1274000E+02  0.5970000E+02  0.0000000E+00  0.0000000E+00  0.0000000E+00
    15  0.4900000E+01  0.1666000E+02  0.5970000E+02  0.0000000E+00  0.0000000E+00  0.0000000E+00
    16  0.6860000E+01  0.2940000E+01  0.5970000E+02  0.0000000E+00  0.0000000E+00  0.0000000E+00
    17  0.6860000E+01  0.6860000E+01  0.5970000E+02  0.0000000E+00  0.0000000E+00  0.0000000E+00
    18  0.6860000E+01  0.1078000E+02  0.5970000E+02  0.0000000E+00  0.0000000E+00  0.0000000E+00
    19  0.6860000E+01  0.1470000E+02  0.5970000E+02  0.0000000E+00  0.0000000E+00  0.0000000E+00
    20  0.6860000E+01  0.1862000E+02  0.5970000E+02  0.0000000E+00  0.0000000E+00  0.0000000E+00
    21  0.8820000E+01  0.9800000E+00  0.5970000E+02  0.0000000E+00  0.0000000E+00  0.0000000E+00
    22  0.8820000E+01  0.4900000E+01  0.5970000E+02  0.0000000E+00  0.0000000E+00  0.0000000E+00
    23  0.8820000E+01  0.8820000E+01  0.5970000E+02  0.0000000E+00  0.0000000E+00  0.0000000E+00
    24  0.8820000E+01  0.1274000E+02  0.5970000E+02  0.0000000E+00  0.0000000E+00  0.0000000E+00
    25  0.8820000E+01  0.1666000E+02  0.5970000E+02  0.0000000E+00  0.0000000E+00  0.0000000E+00
    26  0.1078000E+02  0.2940000E+01  0.5970000E+02  0.0000000E+00  0.0000000E+00  0.0000000E+00
    27  0.1078000E+02  0.6860000E+01  0.5970000E+02  0.0000000E+00  0.0000000E+00  0.0000000E+00
    28  0.1078000E+02  0.1078000E+02  0.5970000E+02  0.0000000E+00  0.0000000E+00  0.0000000E+00
    29  0.1078000E+02  0.1470000E+02  0.5970000E+02  0.0000000E+00  0.0000000E+00  0.0000000E+00
    30  0.1078000E+02  0.1862000E+02  0.5970000E+02  0.0000000E+00  0.0000000E+00  0.0000000E+00
    31  0.1274000E+02  0.9800000E+00  0.5970000E+02  0.0000000E+00  0.0000000E+00  0.0000000E+00
    32  0.1274000E+02  0.4900000E+01  0.5970000E+02  0.0000000E+00  0.0000000E+00  0.0000000E+00
    33  0.1274000E+02  0.8820000E+01  0.5970000E+02  0.0000000E+00  0.0000000E+00  0.0000000E+00
    34  0.1274000E+02  0.1274000E+02  0.5970000E+02  0.0000000E+00  0.0000000E+00  0.0000000E+00
    35  0.1274000E+02  0.1666000E+02  0.5970000E+02  0.0000000E+00  0.0000000E+00  0.0000000E+00
    36  0.1470000E+02  0.2940000E+01  0.5970000E+02  0.0000000E+00  0.0000000E+00  0.0000000E+00
    37  0.1470000E+02  0.6860000E+01  0.5970000E+02  0.0000000E+00  0.0000000E+00  0.0000000E+00
    38  0.1470000E+02  0.1078000E+02  0.5970000E+02  0.0000000E+00  0.0000000E+00  0.0000000E+00
    39  0.1470000E+02  0.1470000E+02  0.5970000E+02  0.0000000E+00  0.0000000E+00  0.0000000E+00
    40  0.1470000E+02  0.1862000E+02  0.5970000E+02  0.0000000E+00  0.0000000E+00  0.0000000E+00
    41  0.1666000E+02  0.9800000E+00  0.5970000E+02  0.0000000E+00  0.0000000E+00  0.0000000E+00
    42  0.1666000E+02  0.4900000E+01  0.5970000E+02  0.0000000E+00  0.0000000E+00  0.0000000E+00
    43  0.1666000E+02  0.8820000E+01  0.5970000E+02  0.0000000E+00  0.0000000E+00  0.0000000E+00
    44  0.1666000E+02  0.1274000E+02  0.5970000E+02  0.0000000E+00  0.0000000E+00  0.0000000E+00
    45  0.1666000E+02  0.1666000E+02  0.5970000E+02  0.0000000E+00  0.0000000E+00  0.0000000E+00
    46  0.1862000E+02  0.2940000E+01  0.5970000E+02  0.0000000E+00  0.0000000E+00  0.0000000E+00
    47  0.1862000E+02  0.6860000E+01  0.5970000E+02  0.0000000E+00  0.0000000E+00  0.0000000E+00
    48  0.1862000E+02  0.1078000E+02  0.5970000E+02  0.0000000E+00  0.0000000E+00  0.0000000E+00
    49  0.1862000E+02  0.1470000E+02  0.5970000E+02  0.0000000E+00  0.0000000E+00  0.0000000E+00
    50  0.1862000E+02  0.1862000E+02  0.5970000E+02  0.0000000E+00  0.0000000E+00  0.0000000E+00
    51  0.9937909E+00  0.2915094E+01  0.5778611E+02  0.1337675E-03 -0.7538530E-03 -0.3076139E-03
    52  0.1004979E+01  0.6878577E+01  0.5783355E+02 -0.5639788E-03  0.7710800E-03  0.1538098E-02
    53  0.9731930E+00  0.1079267E+02  0.5780121E+02 -0.5461901E-03 -0.3032255E-03  0.2897200E-03
    54  0.9245909E+00  0.1467271E+02  0.5774767E+02 -0.1861501E-02 -0.7498478E-03 -0.8126394E-03
    55  0.1001354E+01  0.1861048E+02  0.5778070E+02  0.3837721E-03  0.2586807E-03 -0.2044316E-03
    56  0.2961253E+01  0.9905796E+00  0.5782209E+02  0.9103431E-04 -0.1606339E-02  0.2993953E-04
    57  0.2978872E+01  0.4887386E+01  0.5780730E+02 -0.7064818E-04  0.1403228E-02  0.9471200E-03
    58  0.2943091E+01  0.8835660E+01  0.5780726E+02  0.2274853E-02  0.7756426E-04 -0.1099698E-02
    59  0.2973396E+01  0.1277923E+02  0.5779355E+02  0.6083494E-03 -0.1127737E-02 -0.4195290E-03
    60  0.2903477E+01  0.1671271E+02  0.5778931E+02 -0.6840107E-03  0.2145920E-02  0.1697629E-02
    61  0.4912454E+01  0.2926501E+01  0.5781232E+02  0.3737809E-03  0.6244001E-03  0.8016771E-03
    62  0.4886445E+01  0.6884676E+01  0.5780855E+02  0.7801875E-03  0.1288925E-02  0.5414711E-03
    63  0.4910886E+01  0.1082081E+02  0.5781014E+02  0.4951216E-03  0.8664922E-03  0.2933772E-03
    64  0.4877203E+01  0.1472446E+02  0.5777772E+02  0.9250292E-03 -0.4157975E-06  0.5854328E-04
    65  0.4949743E+01  0.1868454E+02  0.5778303E+02  0.1044994E-02  0.1336851E-02 -0.1526853E-03
    66  0.6883957E+01  0.9675306E+00  0.5779091E+02 -0.4672659E-03 -0.1452249E-02  0.3315933E-03
    67  0.6875398E+01  0.4912547E+01  0.5774156E+02  0.2830623E-03 -0.2904205E-03  0.1529384E-02
    68  0.6890536E+01  0.8835637E+01  0.5779207E+02  0.6134056E-03  0.4072807E-03  0.1264546E-02
    69  0.6900727E+01  0.1270379E+02  0.5777790E+02  0.1536045E-03  0.8700619E-03  0.2543570E-04
    70  0.6791236E+01  0.1671231E+02  0.5777864E+02  0.1065798E-02  0.1193612E-02  0.1171328E-02
    71  0.8762377E+01  0.2938745E+01  0.5773030E+02 -0.1432387E-02 -0.4378562E-03 -0.1077264E-02
    72  0.8857173E+01  0.6901431E+01  0.5772710E+02  0.7830249E-04 -0.1557027E-02 -0.3230558E-03
    73  0.8840340E+01  0.1077261E+02  0.5779331E+02  0.8300862E-03  0.5273052E-03  0.2813533E-02
    74  0.8872424E+01  0.1472952E+02  0.5775893E+02 -0.7511822E-03 -0.7651167E-03  0.3163078E-03
    75  0.8836048E+01  0.1858229E+02  0.5776902E+02 -0.2399869E-02 -0.1447365E-04 -0.3029725E-03
    76  0.1076414E+02  0.9740201E+00  0.5777373E+02 -0.8741712E-03  0.4270177E-03  0.4469109E-03
    77  0.1084442E+02  0.4894203E+01  0.5775472E+02 -0.6345084E-03 -0.1787257E-02 -0.5177003E-03
    78  0.1074845E+02  0.8854468E+01  0.5772236E+02 -0.1147672E-02 -0.1403022E-02 -0.8283393E-03
    79  0.1073674E+02  0.1272571E+02  0.5771250E+02  0.4504698E-03  0.5687132E-03  0.1872786E-02
    80  0.1081695E+02  0.1668942E+02  0.5779791E+02 -0.1280627E-02 -0.1155517E-02 -0.8154834E-03
    81  0.1271184E+02  0.2956318E+01  0.5780814E+02  0.9485585E-03  0.9205633E-03 -0.3910137E-03
    82  0.1276115E+02  0.6928195E+01  0.5780521E+02 -0.8247952E-03  0.2058598E-03  0.4024589E-03
    83  0.1270917E+02  0.1080574E+02  0.5781724E+02 -0.3297922E-03 -0.1993547E-03  0.7401112E-03
    84  0.1276702E+02  0.1471827E+02  0.5777167E+02  0.9681571E-03 -0.1231866E-02 -0.1925792E-02
    85  0.1276595E+02  0.1865640E+02  0.5778583E+02 -0.1740251E-03  0.3433668E-03 -0.6962897E-03
    86  0.1468366E+02  0.9684848E+00  0.5775724E+02  0.1752452E-02  0.4016615E-03  0.2978116E-03
    87  0.1465203E+02  0.4881175E+01  0.5782096E+02 -0.3982315E-03  0.5611064E-03 -0.2995885E-03
    88  0.1470146E+02  0.8902114E+01  0.5780710E+02  0.2092934E-02 -0.1871985E-02 -0.2830421E-03
    89  0.1466904E+02  0.1278652E+02  0.5777322E+02 -0.3566413E-03  0.1217778E-02  0.4642723E-03
    90  0.1472915E+02  0.1667580E+02  0.5780009E+02 -0.2566484E-03  0.8838790E-03  0.1541540E-02
    91  0.1662181E+02  0.2906235E+01  0.5780803E+02  0.4743945E-03  0.8685049E-03  0.7727937E-03
    92  0.1661658E+02  0.6889592E+01  0.5780935E+02 -0.3819043E-03 -0.6864884E-03 -0.1534019E-02
    93  0.1664057E+02  0.1075791E+02  0.5780722E+02  0.1258764E-02 -0.4859975E-03 -0.2452107E-03
    94  0.1666679E+02  0.1467662E+02  0.5783189E+02 -0.9832828E-03 -0.1655270E-02 -0.2081273E-03
    95  0.1671608E+02  0.1864818E+02  0.5780151E+02 -0.7656150E-03 -0.1132504E-02 -0.4191647E-03
    96  0.1861533E+02  0.9782006E+00  0.5776705E+02 -0.5594355E-03 -0.5932334E-03  0.1771482E-03
    97  0.1860148E+02  0.4914821E+01  0.5782196E+02 -0.1326190E-03  0.3193934E-03 -0.1229258E-03
    98  0.1861252E+02  0.8809016E+01  0.5780487E+02  0.7372020E-03 -0.5106937E-03 -0.6673181E-03
    99  0.1862226E+02  0.1274458E+02  0.5778614E+02  0.2890157E-03  0.6511331E-03  0.7242605E-04
   100  0.1863630E+02  0.1667057E+02  0.5785450E+02  0.1296502E-02  0.7564265E-03 -0.8466957E-03
   101  0.9828228E+00  0.9981477E+00  0.5593178E+02 -0.1561837E-03  0.2013325E-03 -0.1010118E-02
   102  0.9884062E+00  0.4928156E+01  0.5592953E+02 -0.5041947E-03 -0.5640856E-03  0.8427665E-03
   103  0.1025686E+01  0.8823900E+01  0.5598341E+02  0.4899507E-04  0.6791834E-03 -0.6931206E-03
   104  0.9357792E+00  0.1271591E+02  0.5594631E+02 -0.2745810E-03 -0.6682896E-03  0.9386642E-03
   105  0.9945147E+00  0.1666156E+02  0.5596970E+02  0.3893125E-03 -0.6672788E-04  0.2159262E-02
   106  0.2956316E+01  0.2907301E+01  0.5589312E+02  0.1037159E-02 -0.5424667E-03  0.1582655E-02
   107  0.3021614E+01  0.6850215E+01  0.5595703E+02  0.5372043E-03  0.1180617E-02  0.8083967E-03
   108  0.2956673E+01  0.1078448E+02  0.5593118E+02  0.1189377E-02  0.2379042E-03  0.1398501E-02
   109  0.2958524E+01  0.1470389E+02  0.5590202E+02  0.1213632E-02 -0.4285440E-04 -0.5030526E-04
   110  0.2873454E+01  0.1863692E+02  0.5588631E+02 -0.9668331E-03 -0.9399364E-03 -0.7520482E-03
   111  0.4906579E+01  0.1008809E+01  0.5590358E+02 -0.8772916E-05  0.6837981E-03  0.2115181E-02
   112  0.4949108E+01  0.4909399E+01  0.5588179E+02 -0.9656931E-03  0.1379619E-02 -0.4239178E-03
   113  0.4928261E+01  0.8847854E+01  0.5588268E+02  0.2857692E-03  0.3792160E-03 -0.7458636E-03
   114  0.4969089E+01  0.1276665E+02  0.5596279E+02  0.2752842E-03 -0.1675053E-03  0.9871483E-03
   115  0.4912860E+01  0.1667519E+02  0.5588663E+02 -0.5350827E-03  0.1791715E-02 -0.5142860E-03
   116  0.6837330E+01  0.2988642E+01  0.5587863E+02 -0.1098648E-02  0.1776668E-02 -0.2336325E-03
   117  0.6844705E+01  0.6885080E+01  0.5584916E+02 -0.3329310E-03 -0.1108308E-02 -0.9872461E-04
   118  0.6899485E+01  0.1079120E+02  0.5585862E+02 -0.5819097E-03  0.4922435E-03  0.1205458E-03
   119  0.6864410E+01  0.1469019E+02  0.5596743E+02 -0.5918831E-03  0.7982737E-04 -0.1047574E-02
   120  0.6840271E+01  0.1861681E+02  0.5585134E+02 -0.1260625E-02  0.1658686E-02 -0.2207601E-02
   121  0.8847266E+01  0.9641462E+00  0.5591772E+02  0.3746025E-03  0.9346265E-04  0.6036955E-03
   122  0.8878786E+01  0.4960966E+01  0.5589062E+02  0.1020650E-02 -0.8081729E-03  0.5799794E-03
   123  0.8846360E+01  0.8811281E+01  0.5585561E+02 -0.2955074E-04 -0.2411375E-03 -0.6951688E-04
   124  0.8806013E+01  0.1274401E+02  0.5583419E+02  0.4302638E-03  0.6430574E-03  0.5873431E-03
   125  0.8817158E+01  0.1667290E+02  0.5588937E+02 -0.4444594E-03 -0.6933255E-03 -0.1791811E-03
   126  0.1076024E+02  0.2943833E+01  0.5592041E+02  0.9995496E-03 -0.3107386E-03 -0.5612633E-03
   127  0.1082656E+02  0.6860222E+01  0.5587622E+02 -0.7033149E-03 -0.5049689E-03 -0.6546501E-03
   128  0.1080061E+02  0.1080918E+02  0.5586252E+02 -0.2244517E-02  0.2115121E-02  0.2009711E-02
   129  0.1077085E+02  0.1476190E+02  0.5591878E+02 -0.2961420E-03  0.2981641E-03  0.1392275E-02
   130  0.1074121E+02  0.1860919E+02  0.5587988E+02 -0.1435148E-02 -0.1749206E-02  0.1467479E-02
   131  0.1270335E+02  0.1027976E+01  0.5586786E+02 -0.3572518E-03 -0.5190722E-03  0.3251431E-03
   132  0.1279775E+02  0.4906878E+01  0.5590647E+02  0.7624839E-03  0.1522902E-02 -0.8856729E-03
   133  0.1275741E+02  0.8903832E+01  0.5591882E+02 -0.6669143E-03 -0.1492768E-03  0.6824676E-03
   134  0.1274703E+02  0.1280634E+02  0.5593246E+02  0.1698066E-02 -0.1477363E-02 -0.2476243E-03
   135  0.1273407E+02  0.1670977E+02  0.5589797E+02 -0.1318271E-02  0.1169614E-02  0.1860978E-03
   136  0.1462496E+02  0.2934856E+01  0.5592539E+02  0.5752257E-03 -0.7891706E-04 -0.3150599E-03
   137  0.1465744E+02  0.6849868E+01  0.5597896E+02 -0.8436965E-03 -0.2086693E-04 -0.9280557E-03
   138  0.1474813E+02  0.1079535E+02  0.5588215E+02  0.1592039E-03  0.1556676E-02 -0.3356551E-04
   139  0.1473145E+02  0.1473204E+02  0.5589449E+02 -0.9088558E-03 -0.1742584E-03 -0.1533750E-02
   140  0.1476134E+02  0.1867089E+02  0.5588241E+02  0.3162741E-03 -0.1341550E-03  0.1193198E-03
   141  0.1667860E+02  0.1014283E+01  0.5592263E+02 -0.2311685E-02  0.3501012E-03  0.1695994E-02
   142  0.1663363E+02  0.4909394E+01  0.5597361E+02  0.1546619E-02 -0.1714700E-02  0.1480460E-04
   143  0.1671376E+02  0.8780499E+01  0.5594849E+02 -0.6241317E-03  0.6636822E-03  0.1129352E-02
   144  0.1664817E+02  0.1273634E+02  0.5592618E+02  0.2486802E-03 -0.1038491E-03  0.1004768E-02
   145  0.1669211E+02  0.1672948E+02  0.5593376E+02 -0.1750976E-03  0.1623159E-03 -0.9247319E-03
   146  0.1862730E+02  0.2983239E+01  0.5591992E+02  0.1620524E-03  0.3394822E-03 -0.7511511E-03
   147  0.1863142E+02  0.6822113E+01  0.5594589E+02  0.1095202E-03  0.5389070E-04  0.1211121E-02
   148  0.1865877E+02  0.1085144E+02  0.5594627E+02 -0.4186920E-03  0.3741451E-03 -0.3912778E-03
   149  0.1856984E+02  0.1472952E+02  0.5593569E+02 -0.1028805E-02 -0.2486109E-03 -0.4295483E-03
   150  0.1862254E+02  0.1862480E+02  0.5594645E+02  0.5987575E-03  0.3442397E-03 -0.8009541E-03
   151  0.9886865E+00  0.2949753E+01  0.5401320E+02 -0.1893199E-03  0.1171450E-03 -0.1357012E-02
   152  0.9591745E+00  0.6921156E+01  0.5400718E+02 -0.1092360E-02 -0.8518070E-03  0.9011288E-03
   153  0.9517241E+00  0.1078377E+02  0.5404172E+02 -0.5881584E-03  0.7111770E-03 -0.7580062E-03
   154  0.9898161E+00  0.1475046E+02  0.5402820E+02  0.4272873E-03  0.3121886E-03 -0.6692722E-03
   155  0.1014103E+01  0.1859822E+02  0.5395461E+02 -0.2728799E-03 -0.2180953E-03 -0.1265339E-03
   156  0.2960232E+01  0.9747432E+00  0.5406199E+02 -0.5088103E-03 -0.6515427E-03 -0.2233401E-03
   157  0.2876118E+01  0.4946255E+01  0.5397113E+02 -0.1278597E-02  0.8849169E-03 -0.1569647E-02
   158  0.2994164E+01  0.8876372E+01  0.5400969E+02  0.1190298E-02  0.1759547E-02  0.5633251E-03
   159  0.2947964E+01  0.1276278E+02  0.5399874E+02  0.3212948E-03  0.1729940E-02 -0.9727957E-03
   160  0.2977879E+01  0.1665113E+02  0.5400547E+02  0.5781697E-03 -0.5527387E-03 -0.2093416E-03
   161  0.4951927E+01  0.2938609E+01  0.5397952E+02  0.2019555E-02  0.1894781E-02 -0.2394009E-02
   162  0.4912142E+01  0.6843786E+01  0.5396609E+02 -0.7259045E-03  0.8200381E-03 -0.1152327E-02
   163  0.4902104E+01  0.1085413E+02  0.5405452E+02 -0.2638197E-03 -0.2875175E-03 -0.7515883E-03
   164  0.4940554E+01  0.1468612E+02  0.5402578E+02 -0.1142888E-02 -0.1902668E-04 -0.2184956E-03
   165  0.4831593E+01  0.1870219E+02  0.5395599E+02 -0.3239639E-03 -0.1208044E-02 -0.3565382E-03
   166  0.6912766E+01  0.9873052E+00  0.5397710E+02 -0.5348442E-03  0.2869985E-03  0.1456882E-02
   167  0.6874960E+01  0.4913372E+01  0.5390812E+02  0.5573386E-03 -0.9724205E-03 -0.2329471E-03
   168  0.6918470E+01  0.8844364E+01  0.5395158E+02  0.4220896E-03 -0.1552897E-02  0.1193931E-02
   169  0.6909888E+01  0.1277589E+02  0.5395288E+02 -0.6955792E-03  0.7537943E-04  0.5417449E-03
   170  0.6810139E+01  0.1661135E+02  0.5390788E+02 -0.1229442E-02 -0.1545359E-03 -0.8700532E-03
   171  0.8874564E+01  0.2998091E+01  0.5406797E+02 -0.9976330E-03 -0.1755246E-03  0.1144984E-03
   172  0.8876537E+01  0.6865301E+01  0.5395756E+02 -0.4625425E-03 -0.1335530E-02 -0.1107662E-02
   173  0.8855823E+01  0.1077482E+02  0.5396522E+02 -0.7258810E-03 -0.4117952E-03 -0.5419711E-03
   174  0.8854573E+01  0.1471021E+02  0.5403303E+02 -0.3618891E-03  0.1227487E-03  0.1666255E-02
   175  0.8834688E+01  0.1860772E+02  0.5398736E+02  0.4992028E-03 -0.4604881E-03  0.5346858E-03
   176  0.1084849E+02  0.1098431E+01  0.5393223E+02 -0.4554922E-04  0.1127874E-02 -0.4724627E-03
   177  0.1086472E+02  0.4902704E+01  0.5400819E+02 -0.1262958E-02 -0.2030263E-03  0.1456299E-02
   178  0.1075223E+02  0.8814496E+01  0.5396265E+02  0.9041316E-03 -0.2292716E-03 -0.4041727E-04
   179  0.1088302E+02  0.1276569E+02  0.5398653E+02 -0.3726731E-03 -0.5842000E-03  0.2120208E-03
   180  0.1080498E+02  0.1672528E+02  0.5401300E+02 -0.6217392E-03  0.1479695E-02  0.3945274E-03
   181  0.1281925E+02  0.2986002E+01  0.5391316E+02 -0.1018761E-02 -0.2642473E-03 -0.2091303E-03
   182  0.1271235E+02  0.6900555E+01  0.5399884E+02  0.9977673E-03 -0.8561599E-03 -0.4590113E-03
   183  0.1280093E+02  0.1078381E+02  0.5396386E+02 -0.1366724E-05  0.6419801E-03 -0.2099022E-03
   184  0.1271740E+02  0.1477722E+02  0.5401958E+02 -0.1371750E-02  0.1507521E-03 -0.1796545E-02
   185  0.1273328E+02  0.1870180E+02  0.5401454E+02 -0.5768867E-03  0.6398655E-03  0.1333760E-02
   186  0.1468632E+02  0.9582510E+00  0.5396371E+02 -0.6822366E-03  0.1377076E-03  0.8179113E-03
   187  0.1474219E+02  0.4963439E+01  0.5401881E+02  0.6953590E-03  0.1172126E-03 -0.1394299E-03
   188  0.1477553E+02  0.8780017E+01  0.5408575E+02  0.1412984E-03  0.2593370E-03 -0.1771379E-02
   189  0.1471328E+02  0.1276698E+02  0.5404468E+02 -0.1242812E-02 -0.9993255E-03 -0.2039671E-03
   190  0.1466894E+02  0.1669811E+02  0.5398919E+02  0.1021162E-02 -0.6972319E-03  0.2039028E-02
   191  0.1666381E+02  0.2939567E+01  0.5406288E+02  0.1568494E-03  0.4763551E-03  0.1621700E-04
   192  0.1668557E+02  0.6866227E+01  0.5406520E+02 -0.2937421E-03  0.8726132E-03 -0.9005531E-03
   193  0.1669013E+02  0.1070906E+02  0.5398139E+02 -0.5925173E-03 -0.6453902E-03  0.6451208E-04
   194  0.1666993E+02  0.1475919E+02  0.5399266E+02  0.1671677E-02  0.4218499E-03  0.3667006E-03
   195  0.1664927E+02  0.1868380E+02  0.5402095E+02  0.2782480E-03 -0.9749912E-03  0.2067181E-03
   196  0.1866246E+02  0.9752992E+00  0.5397602E+02 -0.6469640E-03 -0.1163335E-02 -0.5079465E-03
   197  0.1861563E+02  0.4945447E+01  0.5402152E+02  0.1975146E-02  0.4129259E-03 -0.1710690E-04
   198  0.1870955E+02  0.8872857E+01  0.5406715E+02 -0.7082761E-03  0.6159174E-04 -0.1071019E-02
   199  0.1856758E+02  0.1272749E+02  0.5394201E+02 -0.1200156E-03  0.1027772E-03 -0.1102809E-02
   200  0.1858379E+02  0.1673054E+02  0.5401487E+02  0.5611495E-03 -0.8974367E-03  0.5650354E-03
     1  0.8784279E+01  0.4689380E+01  0.9688390E+01  0.4946241E-03 -0.1965300E-03  0.6605611E-03
     2  0.1247037E+02  0.1530775E+02  0.9311408E+01 -0.4282180E-03  0.5640722E-03 -0.1678627E-02
     3  0.2994660E+01  0.1505311E+02  0.9956170E+01  0.2796753E-02 -0.3178722E-02  0.1835290E-02
     4  0.1101087E+02  0.6915445E+01  0.1307098E+02  0.4819536E-03 -0.1788140E-02 -0.1495062E-02
     5  0.3619335E+01  0.1054179E+02  0.1429929E+02 -0.9673084E-03  0.1980516E-03 -0.2396009E-02
     6  0.6477228E+01  0.1565148E+01  0.1565223E+02  0.2027666E-03 -0.3173384E-02  0.4631974E-02
     7  0.1417014E+02  0.2851895E+01  0.9009646E+01 -0.6313491E-03  0.8277529E-03  0.2692953E-03
     8  0.1271580E+02  0.3750237E+01  0.1311693E+02  0.1029612E-02  0.1018840E-02  0.5569383E-03
     9  0.3402038E+01  0.5815708E+01  0.1552809E+02 -0.1701029E-02 -0.1353397E-02 -0.5919356E-03
    10  0.1886874E+02  0.1459115E+02  0.1553388E+02  0.1292349E-03 -0.2922029E-02  0.1694381E-02
    11  0.9815883E+01  0.1890599E+02  0.1936199E+02  0.1905341E-02 -0.7530444E-03 -0.1222278E-03
    12  0.1007572E+02  0.1185822E+02  0.1855691E+02  0.1021752E-02 -0.1202236E-03  0.4667745E-02
    13  0.8826037E+01  0.3560857E+01  0.1337089E+02 -0.2080208E-02  0.1335998E-02  0.2353174E-02
    14  0.1310153E+02  0.1787803E+02  0.1698672E+02 -0.4671945E-02  0.6362054E-03 -0.2396678E-02
    15  0.8791509E+01  0.1527602E+02  0.1992024E+02 -0.2581416E-02  0.4663856E-03 -0.3455392E-02
    16  0.8178475E+01  0.1243505E+02  0.1030511E+02  0.1807696E-02  0.7434740E-03  0.1414925E-02
    17  0.1750940E+02  0.1175379E+02  0.8752443E+01 -0.3880660E-02  0.1604875E-02 -0.7358214E-03
    18  0.8237589E+01  0.7903891E+01  0.9263973E+01 -0.2928041E-02 -0.3028995E-02 -0.2016051E-02
    19  0.1801779E+02  0.1657684E+02  0.1262220E+02 -0.3339358E-02  0.7626602E-03 -0.1259864E-03
    20  0.1018660E+02  0.1447892E+02  0.1392169E+02  0.2125360E-02  0.1775519E-02  0.2762020E-02
    21  0.5080161E+01  0.1064974E+02  0.1087132E+02 -0.7473545E-03  0.5083070E-03 -0.1960453E-02
    22  0.1713028E+02  0.5555229E+01  0.1624791E+02  0.1798899E-02 -0.2070235E-02  0.1811764E-03
    23  0.5809240E+01  0.7288277E+01  0.1332810E+02  0.1488664E-02 -0.1177864E-02 -0.7641854E-03
    24  0.1962092E+01  0.9043965E+01  0.9739564E+01 -0.4811942E-03 -0.2103524E-02  0.1585082E-02
    25  0.1810014E+02  0.3267438E+00  0.1117284E+02  0.1331756E-02 -0.8422347E-03  0.2804233E-02
    26  0.1533229E+02  0.1378890E+02  0.1182222E+02 -0.1293664E-02 -0.9110586E-03 -0.3911213E-02
    27  0.1008895E+02  0.1917863E+02  0.1479456E+02 -0.1280462E-02  0.6573589E-03 -0.1578042E-02
    28  0.7609192E+01  0.8705909E+01  0.2028716E+02 -0.3534760E-04 -0.1797287E-02  0.8565824E-03
    29  0.6496627E+00  0.5271592E+01  0.1322977E+02  0.2746145E-02  0.9704976E-03  0.6839897E-03
    30  0.1934214E+02  0.8734468E+01  0.1513582E+02 -0.3874050E-03 -0.1787796E-02 -0.3128876E-02
    31  0.8009011E+01  0.1898014E+02  0.1060429E+02 -0.7076185E-03  0.3526759E-02  0.1782575E-02
    32  0.1078465E+02  0.1042541E+02  0.8500578E+01 -0.3102621E-02  0.3420265E-02  0.7876522E-03
    33  0.3687771E+01  0.7532309E+00  0.1360927E+02 -0.9063494E-03  0.1542395E-02 -0.5706736E-03
    34  0.1857179E+02  0.5329824E-01  0.1511298E+02  0.2336885E-02  0.1085068E-02 -0.3321933E-02
    35  0.1700349E+02  0.9092452E+01  0.1204239E+02  0.1885032E-02 -0.1147065E-02  0.2109552E-02
    36  0.1584476E+02  0.1879795E+01  0.1288425E+02 -0.9273856E-03  0.1909831E-02 -0.1246057E-02
    37  0.1156865E+02  0.1692917E+02  0.2143306E+02 -0.3017176E-03 -0.2238529E-02  0.2886276E-02
    38  0.2112952E+01  0.2828800E+00  0.1832568E+02 -0.5201724E-04  0.1650049E-02  0.1546725E-02
    39  0.7529776E+01  0.1222672E+02  0.2201852E+02  0.1160695E-02 -0.1532773E-02 -0.9898321E-03
    40  0.1251576E+01  0.2711333E+01  0.1091761E+02  0.3056836E-02  0.2047986E-02 -0.2017082E-02
    41  0.3329846E+00  0.1925046E+02  0.2252166E+02 -0.9870794E-03  0.1976648E-03 -0.1461620E-02
    42  0.3475896E+01  0.1075476E+01  0.2297893E+02 -0.1878331E-02  0.8208211E-03 -0.5632068E-03
    43  0.1025171E+02  0.3257397E+01  0.1651104E+02 -0.1022775E-02 -0.1208361E-02  0.9423895E-03
    44  0.6235928E+01  0.1734195E+02  0.1369039E+02 -0.2173379E-02  0.2954012E-02 -0.2578035E-02
    45  0.6986426E+01  0.1790970E+02  0.1783155E+02  0.1012119E-02 -0.2176666E-02 -0.1832924E-02
    46  0.3524214E+01  0.5943376E+01  0.1039156E+02 -0.1215184E-02 -0.2643678E-02 -0.1134806E-02
    47  0.1287512E+02  0.1941634E+02  0.1031580E+02 -0.1212156E-02  0.4278802E-03 -0.1112632E-02
    48  0.1542032E+02  0.1484307E+01  0.1707599E+02  0.1810756E-02 -0.5420509E-03  0.1870026E-02
    49  0.7386236E+01  0.2124629E+01  0.2429223E+02 -0.4899827E-03 -0.4755067E-03  0.3617431E-03
    50  0.1627591E+02  0.5527965E+01  0.1057163E+02  0.2731118E-02 -0.2498168E-02  0.4315155E-02
    51  0.1618629E+02  0.1672230E+02  0.2225456E+02  0.7911655E-03 -0.1447393E-02 -0.2960876E-02
    52  0.1443702E+02  0.1419336E+02  0.1475836E+02 -0.2038030E-03 -0.2178214E-02 -0.2225523E-02
    53  0.6597029E+01  0.1500092E+02  0.9037832E+01 -0.2882772E-02 -0.6675034E-03  0.1155803E-02
    54  0.4765491E+01  0.1262825E+02  0.2514521E+02  0.2436252E-02 -0.1748147E-02  0.1201854E-02
    55  0.1514145E+02  0.2182437E+00  0.2640473E+02  0.1859650E-03  0.8557754E-04 -0.2633731E-02
    56  0.1808269E+01  0.9495448E+01  0.2157122E+02 -0.1885980E-02 -0.1615273E-02 -0.7469568E-03
    57  0.1157784E+02  0.1439682E+02  0.2796621E+02 -0.1684284E-02  0.2504226E-02  0.1700766E-02
    58  0.1619641E+02  0.1773908E+02  0.9112221E+01  0.1407962E-02 -0.1096188E-02  0.3574163E-02
    59  0.6453095E+01  0.1244183E+02  0.1720512E+02 -0.3440340E-03  0.1486125E-02  0.7649491E-03
    60  0.1254297E+02  0.1718513E+02  0.1325178E+02 -0.9113203E-03  0.1716160E-02  0.1389681E-02
    61  0.1486112E+02  0.8095353E+01  0.1866947E+02  0.2584149E-02  0.5665107E-03 -0.5742290E-03
    62  0.2211026E+01  0.1702224E+02  0.1375469E+02 -0.2077286E-02  0.1683421E-02 -0.1205806E-02
    63  0.1308335E+02  0.1519001E+01  0.2412422E+02  0.2466379E-02 -0.2206150E-02  0.2983539E-02
    64  0.1302868E+02  0.1448041E+01  0.1962243E+02  0.1500629E-02  0.4058159E-03  0.4036866E-02
    65  0.7629707E+01  0.1088427E+02  0.1338799E+02 -0.4381607E-03  0.1614928E-02  0.7283631E-03
    66  0.4719683E+01  0.4548565E+01  0.1848270E+02 -0.3561605E-03  0.1752128E-02 -0.8637504E-04
    67  0.1143292E+02  0.8446660E+01  0.1995534E+02  0.6778182E-03 -0.1063722E-03 -0.3181526E-02
    68  0.1263655E+02  0.9643622E+01  0.1624816E+02 -0.1243516E-02 -0.1994021E-02  0.1858076E-03
    69  0.1426606E+01  0.1844246E+02  0.9364213E+01 -0.2299714E-02 -0.1587208E-02  0.3421224E-03
    70  0.1650438E+02  0.3424428E+01  0.2002229E+02 -0.3797060E-02 -0.2256813E-02 -0.5171470E-03
    71  0.2030359E+00  0.1183431E+02  0.1209478E+02  0.6745061E-03 -0.1249614E-02 -0.2111649E-02
    72  0.1018210E+01  0.7146770E+01  0.1795686E+02 -0.1389963E-02  0.5108627E-03 -0.1906646E-02
    73  0.4245347E+01  0.1807147E+02  0.2520346E+02  0.1168707E-02  0.2474708E-02  0.7745026E-03
    74  0.1068081E+01  0.5265458E+01  0.2751946E+02  0.1146111E-02  0.1793664E-03  0.9134213E-03
    75  0.1678928E+02  0.1176257E+02  0.1458706E+02 -0.1486335E-03 -0.1828767E-02  0.2129553E-02
    76  0.5616083E+01  0.2859669E+01  0.1129898E+02 -0.2232530E-02 -0.3123093E-03  0.3959548E-02
    77  0.7401068E+01  0.6297213E+01  0.2371418E+02  0.1684445E-02 -0.2366131E-02  0.3016938E-02
    78  0.2334696E+01  0.6024220E+01  0.2235376E+02  0.2382610E-03  0.3688081E-03 -0.1776500E-02
    79  0.1588557E+02  0.9520340E+01  0.2179384E+02 -0.9800161E-03 -0.5599535E-03 -0.3498174E-02
    80  0.4198912E+00  0.1971064E+01  0.2565965E+02  0.7484296E-03  0.7260159E-04  0.7224285E-03
    81  0.1654577E+02  0.1561554E+02  0.2612277E+02  0.3246001E-03  0.1276419E-02  0.3082043E-02
    82  0.1317327E+02  0.1027841E+02  0.1219762E+02 -0.2563542E-02  0.9315768E-03  0.3893195E-02
    83  0.5149665E+01  0.3249076E+00  0.8621434E+01  0.3278635E-03 -0.2228486E-02 -0.3523281E-02
    84  0.1329346E+02  0.4687021E+01  0.2080929E+02  0.1837606E-02  0.1745160E-02 -0.1125675E-02
    85  0.8133229E+01  0.1168599E+02  0.2793734E+02  0.5376037E-03  0.1466287E-02  0.1446971E-02
    86  0.1433108E+02  0.6605583E+01  0.2430326E+02  0.8095177E-03  0.1175541E-02  0.3884598E-03
    87  0.4338215E+01  0.8097610E+01  0.1899828E+02 -0.2999139E-02 -0.2919119E-02  0.1321488E-02
    88  0.1780428E+02  0.1110681E+02  0.1845144E+02  0.2729761E-02  0.2395004E-02 -0.3784667E-03
    89  0.1353606E+02  0.1306695E+02  0.2211044E+02  0.5992070E-03  0.4994138E-03 -0.1395764E-03
    90  0.1851363E+02  0.4795736E+01  0.2236083E+02  0.7889180E-03  0.1881530E-02  0.1299108E-02
    91  0.1815579E+02  0.7032802E+01  0.2469960E+02  0.2908671E-03  0.2278394E-02 -0.1463570E-03
    92  0.2334172E+01  0.1098714E+02  0.1742182E+02 -0.8149562E-03  0.2885768E-02 -0.1458263E-02
    93  0.1661602E+02  0.1647847E+02  0.1764665E+02  0.1558770E-02  0.7143669E-03  0.2193753E-02
    94  0.1307666E+02  0.1246882E+02  0.3187828E+02  0.1148541E-02 -0.2652296E-02  0.1666917E-02
    95  0.1977055E+01  0.1351237E+02  0.2078358E+02 -0.1125810E-02 -0.1631979E-02 -0.7144882E-03
    96  0.9931827E+01  0.2493670E+00  0.2276548E+02  0.1325447E-02 -0.1994921E-02 -0.8802273E-03
    97  0.1105679E+02  0.1572128E+02  0.3136262E+02  0.5458755E-03  0.3083662E-04 -0.1373362E-02
    98  0.8958809E+01  0.8444320E+01  0.1605812E+02 -0.8049972E-03  0.1464401E-02  0.5070793E-02
    99  0.1167591E+02  0.1746884E+02  0.2576744E+02  0.2417525E-02 -0.4888588E-03  0.1333743E-04
   100  0.1647592E+02  0.6030613E+01  0.3015202E+02 -0.1938303E-02 -0.2402746E-02  0.2211479E-02
   101  0.1128998E+02  0.3766132E+01  0.3069490E+02  0.9365409E-03 -0.1815696E-04  0.1981818E-02
   102  0.1416377E+02  0.7041392E+01  0.1422247E+02  0.1205888E-02 -0.1552735E-02 -0.1251841E-02
   103  0.1538773E+02  0.9461328E+01  0.2655841E+02 -0.3482325E-02 -0.1024840E-03  0.1544433E-02
   104  0.1938260E+02  0.8439081E+01  0.2932815E+02 -0.5188762E-03  0.1630300E-02  0.6338532E-03
   105  0.1125409E+02  0.1279897E+02  0.2468142E+02 -0.1507371E-02  0.7751644E-03  0.2104231E-02
   106  0.1343086E+02  0.4489487E+01  0.2709253E+02  0.1327837E-02 -0.7993350E-03 -0.1325597E-02
   107  0.2574714E+01  0.1590468E+02  0.2900801E+02  0.2135007E-02 -0.2119375E-02  0.4494251E-03
   108  0.1864109E+02  0.1824817E+02  0.2577795E+02  0.1490388E-03  0.2264559E-03  0.2637922E-02
   109  0.1260674E+01  0.1028338E+01  0.2938625E+02 -0.7792142E-03 -0.2379771E-02  0.1136206E-02
   110  0.1699800E+02  0.1199387E+02  0.2456129E+02 -0.9469576E-03  0.4085979E-03  0.1008269E-02
   111  0.1767636E+02  0.1389724E+02  0.2105825E+02 -0.4831715E-03  0.1612115E-02 -0.2785705E-02
   112  0.1651061E+01  0.1122910E+02  0.2431384E+02 -0.8691478E-03  0.2863083E-02  0.2193859E-02
   113  0.1957057E+01  0.1577311E+02  0.1706790E+02  0.1246071E-02 -0.2020003E-02 -0.2878388E-03
   114  0.2494700E+00  0.1438760E+02  0.2563815E+02  0.5639514E-03 -0.2427395E-02 -0.9298478E-03
   115  0.3846968E+01  0.1604521E+02  0.2072484E+02  0.1955861E-02 -0.2399356E-02  0.1880489E-02
   116  0.1233521E+02  0.1902821E+02  0.2909458E+02  0.1049433E-02  0.7101802E-03 -0.5086655E-03
   117  0.5474613E+01  0.1382773E+02  0.1372279E+02 -0.3587553E-03 -0.1504959E-02 -0.1189193E-03
   118  0.1034888E+02  0.4295834E+01  0.2240325E+02  0.1965378E-02 -0.7501470E-04 -0.1527164E-02
   119  0.1838098E+02  0.1396767E+02  0.3153597E+02  0.2537855E-02  0.2643794E-02 -0.1610630E-02
   120  0.1730537E+02  0.3551997E+01  0.2666641E+02 -0.3192886E-02 -0.7836941E-03  0.1827003E-03
   121  0.1851521E+02  0.2576412E+01  0.3332346E+02  0.3183942E-03 -0.8031684E-03  0.6027488E-04
   122  0.1834594E+02  0.8269767E+01  0.3392024E+02  0.3252896E-03 -0.1054300E-02  0.3942362E-02
   123  0.1314508E+02  0.7562138E+01  0.2924622E+02  0.2131988E-03  0.1770373E-02 -0.1194423E-02
   124  0.1665170E+02  0.1838184E+01  0.2337050E+02 -0.2735506E-02 -0.6539495E-03 -0.2296116E-02
   125  0.5858411E+01  0.8540985E+01  0.3474313E+02 -0.6667414E-03  0.1176842E-02 -0.3002531E-03
   126  0.5940446E+01  0.5609131E+01  0.2856697E+02 -0.5763400E-03 -0.3339938E-02  0.8001423E-03
   127  0.1003261E+02  0.1209211E+02  0.3501189E+02  0.3481885E-03  0.7324659E-03  0.4282262E-03
   128  0.7816415E+00  0.1037947E+02  0.3183485E+02  0.1107604E-02  0.3861475E-03 -0.7495614E-03
   129  0.7622550E+01  0.3106084E+01  0.2048614E+02 -0.2110643E-02  0.1954516E-02 -0.1419840E-02
   130  0.1339709E+02  0.1823570E+02  0.3408061E+02  0.5382524E-03 -0.1809688E-02 -0.3433109E-02
   131  0.7563197E+01  0.9016705E+01  0.2622066E+02 -0.1344790E-03 -0.2331803E-02  0.4582119E-02
   132  0.8401473E+01  0.1632418E+02  0.2338432E+02  0.1428582E-02 -0.1085639E-02 -0.3918203E-03
   133  0.1473362E+02  0.1478937E+02  0.3385692E+02 -0.1564611E-02 -0.2850260E-02 -0.1880905E-02
   134  0.6109854E+01  0.1883208E+02  0.2123056E+02  0.9009523E-03  0.3452548E-02  0.1315331E-03
   135  0.9771918E+01  0.1068285E+02  0.3099800E+02  0.1780534E-02 -0.2436810E-02  0.1267552E-02
   136  0.3278973E+01  0.3078016E+01  0.4247354E+02 -0.1871193E-03  0.2695046E-02 -0.1281403E-02
   137  0.8573228E+01  0.2959876E+00  0.2974295E+02 -0.8748757E-04  0.1321629E-02  0.2705680E-02
   138  0.9957634E+01  0.4432274E+01  0.2689552E+02  0.1106571E-02  0.2049567E-02  0.1454099E-02
   139  0.1457057E+02  0.2250436E+01  0.3043008E+02  0.2241219E-02  0.3558099E-03 -0.9569960E-03
   140  0.1585868E+02  0.1007358E+02  0.3087679E+02  0.8317374E-04  0.8976091E-03  0.7407872E-03
   141  0.3773493E+01  0.4362965E+00  0.3394375E+02  0.1671431E-02 -0.4433437E-02  0.3277999E-04
   142  0.1461012E+02  0.1621662E+02  0.3051099E+02  0.1061282E-02 -0.1946888E-02  0.2570050E-02
   143  0.1770667E+02  0.1131413E+02  0.2775308E+02 -0.6100219E-03  0.1370352E-02  0.5177567E-03
   144  0.1880918E+02  0.1743335E+02  0.2985167E+02 -0.1397431E-02  0.6235299E-03 -0.1718885E-03
   145  0.1269334E+02  0.2853959E+00  0.3821781E+02 -0.7378568E-03  0.2472433E-02 -0.2296363E-03
   146  0.1087805E+02  0.6532728E+01  0.3637077E+02 -0.1284954E-02  0.1100243E-02 -0.6888929E-03
   147  0.5771391E+00  0.1019410E+02  0.3717964E+02  0.8162293E-04  0.7628080E-03  0.1687850E-03
   148  0.9995047E+01  0.1096902E+01  0.2659289E+02 -0.6602261E-03 -0.2021845E-02  0.5068973E-03
   149  0.1267833E+02  0.1639419E+02  0.3706265E+02 -0.4187241E-03 -0.3424762E-02 -0.2202027E-04
   150  0.4400663E+01  0.3430041E+01  0.2696319E+02 -0.1810029E-02  0.1019312E-02 -0.5475168E-03
   151  0.3516335E+00  0.1193709E+01  0.3809865E+02  0.8293812E-03  0.4595906E-03 -0.2882555E-02
   152  0.7063739E+01  0.1480777E+01  0.3709786E+02 -0.5734368E-05  0.2918740E-02  0.1505227E-02
   153  0.5005185E+01  0.2190860E+01  0.3054362E+02  0.4872031E-03  0.1263975E-02 -0.7368001E-03
   154  0.1485230E+02  0.5964131E+01  0.3826877E+02  0.1324740E-02  0.2880239E-02  0.3543776E-03
   155  0.7842475E+01  0.3737171E+01  0.3088965E+02  0.4252184E-03  0.2729548E-02 -0.2903688E-02
   156  0.1135589E+02  0.8640509E+01  0.2408580E+02 -0.7027983E-03  0.1604267E-02 -0.1259986E-02
   157  0.8039935E+01  0.4808819E+01  0.3918676E+02  0.1233681E-02 -0.8855861E-03 -0.1755103E-02
   158  0.7201340E+01  0.1729076E+02  0.2766986E+02  0.3055480E-02  0.1092712E-02 -0.7913580E-03
   159  0.1278587E+02  0.8107688E+01  0.3273369E+02  0.9756930E-03 -0.9575988E-03 -0.2079969E-02
   160  0.7028856E+00  0.5267358E+01  0.3093824E+02  0.3926658E-04 -0.6012317E-03 -0.1093001E-03
   161  0.7158727E+01  0.1135605E+02  0.4474805E+02  0.1206896E-02  0.1006873E-03 -0.1440817E-02
   162  0.1957290E+02  0.3428269E+01  0.1805361E+02 -0.2868227E-02 -0.1066047E-04 -0.1007943E-02
   163  0.2314716E+01  0.7495161E+01  0.3350262E+02  0.1512122E-02  0.1569256E-02  0.1466104E-02
   164  0.1029709E+02  0.1797532E+02  0.4363916E+02  0.1677158E-02  0.3892130E-04 -0.9822509E-03
   165  0.7319053E+01  0.1600236E+01  0.3377926E+02  0.8437225E-03  0.1674064E-02 -0.2673327E-02
   166  0.1858816E+02  0.1880129E+02  0.3552890E+02  0.1576947E-02  0.6178813E-03  0.1288472E-02
   167  0.9792579E+01  0.9255645E+01  0.4000544E+02 -0.2346683E-02 -0.8347563E-03  0.2444569E-02
   168  0.5194762E+01  0.1231323E+02  0.2947314E+02  0.1725082E-02  0.2467412E-02  0.1881666E-02
   169  0.1415982E+02  0.1243932E+02  0.2862024E+02 -0.3033779E-03  0.1023606E-02 -0.2540890E-02
   170  0.6338685E+01  0.1699568E+02  0.4493391E+02 -0.4466629E-02  0.1884137E-02 -0.2590868E-02
   171  0.1483891E+02  0.1965168E+01  0.3484533E+02 -0.1958485E-02  0.6992028E-03  0.1007733E-02
   172  0.2954029E+01  0.1112876E+02  0.3481835E+02 -0.1556803E-02 -0.1022576E-02  0.1059187E-02
   173  0.6487573E+01  0.9223212E+01  0.3051334E+02  0.1854538E-02 -0.1187373E-02  0.2101119E-02
   174  0.9083658E+01  0.1822105E+02  0.3527628E+02  0.3116368E-02  0.1522654E-02  0.6244887E-03
   175  0.6315787E+01  0.1275819E+02  0.3650266E+02  0.1092634E-02  0.1730610E-02 -0.8255039E-03
   176  0.1263343E+02  0.8619626E+01  0.4255887E+02  0.1403071E-02  0.3137457E-02  0.3638370E-02
   177  0.6033802E+01  0.1648283E+02  0.3795850E+02  0.1449539E-03 -0.2184118E-03  0.1232528E-02
   178  0.9447419E+01  0.7277633E+01  0.2946844E+02  0.2318855E-03 -0.2813890E-02 -0.2315200E-02
   179  0.1298377E+02  0.1316865E+02  0.3834175E+02  0.3064114E-03 -0.1593327E-02  0.4926451E-03
   180  0.5249908E+01  0.1826506E+02  0.3152015E+02  0.1821247E-02 -0.1047514E-03 -0.1954943E-02
   181  0.1086912E+02  0.1584717E+01  0.3556524E+02  0.4854949E-04 -0.1053604E-02  0.9525661E-03
   182  0.5264303E+01  0.5997184E+01  0.4254219E+02 -0.2034473E-02  0.1796246E-02 -0.2136449E-02
   183  0.1149385E+02  0.4009102E+01  0.4128715E+02  0.1334629E-02  0.1679995E-02  0.3424563E-03
   184  0.1637065E+02  0.1172695E+02  0.4021939E+02  0.8553734E-03 -0.3303044E-02 -0.2693491E-03
   185  0.3931492E+01  0.9920370E+01  0.4967804E+02  0.2093098E-02 -0.1642958E-02 -0.1185773E-02
   186  0.4329855E+01  0.8675967E+01  0.2391768E+02  0.1366931E-02  0.2596123E-02  0.8351874E-03
   187  0.8496689E+01  0.7516796E+01  0.4318396E+02 -0.8765430E-03  0.3383437E-02  0.3527524E-02
   188  0.3379437E+01  0.4126868E+01  0.3578155E+02  0.6553137E-03  0.1634769E-02 -0.8253058E-03
   189  0.2692351E+01  0.1595466E+02  0.3641153E+02  0.2602066E-02  0.2110842E-02  0.2325027E-02
   190  0.1616680E+02  0.1804133E+02  0.3797382E+02  0.1926746E-02 -0.2488590E-02  0.1788289E-02
   191  0.1146328E+02  0.1262622E+02  0.4512946E+02  0.2785457E-03  0.1113462E-03 -0.1886282E-02
   192  0.2600286E+01  0.1632619E+02  0.4017375E+02  0.5893860E-03  0.4506462E-03  0.1021807E-02
   193  0.3983503E+01  0.4015088E+00  0.3875168E+02  0.1453798E-02  0.2275585E-02  0.1751809E-02
   194  0.1920011E+02  0.5683946E+01  0.3719292E+02  0.1173783E-02 -0.2015254E-02 -0.1155004E-02
   195  0.1894250E+01  0.1757924E+02  0.4989072E+02 -0.1481312E-02  0.1629164E-02  0.1118398E-02
   196  0.1651573E+02  0.1063414E+02  0.4446215E+02 -0.2097299E-02  0.4664576E-03 -0.2152362E-02
   197  0.5861852E+01  0.1705357E+02  0.4154178E+02  0.7762005E-03 -0.1253111E-03  0.4683308E-03
   198  0.3280530E+01  0.8533391E+01  0.2821371E+02  0.2291319E-03  0.1343674E-02  0.9009972E-03
   199  0.1585039E+02  0.8996452E+00  0.4076831E+02 -0.2510664E-03  0.4701190E-02  0.1002297E-02
   200  0.1608630E+02  0.1380025E+02  0.3714768E+02 -0.1156153E-03 -0.2043136E-02 -0.1487876E-02
   201  0.2117165E+01  0.1631800E+02  0.3284084E+02  0.1821459E-02 -0.8865694E-03  0.2966052E-02
   202  0.9724167E+00  0.1285186E+02  0.4126311E+02  0.1122430E-02  0.7411057E-03 -0.2942764E-02
   203  0.6890875E+01  0.1045173E+01  0.4810953E+02 -0.2331465E-02  0.3409091E-03  0.1294591E-02
   204  0.8188832E+01  0.4892186E+01  0.3435367E+02 -0.1263333E-02 -0.1508323E-02  0.1976128E-02
   205  0.1779265E+02  0.1467515E+02  0.4321820E+02  0.2933873E-02  0.3212985E-02  0.9083132E-03
   206  0.1271521E+02  0.1628060E+02  0.4630961E+02 -0.2179403E-02 -0.2807560E-03 -0.1744910E-02
   207  0.4485470E+01  0.1355784E+02  0.4108572E+02  0.2517735E-02  0.2041979E-02 -0.9560556E-03
   208  0.1119956E+02  0.1037089E+01  0.4608718E+02  0.2734371E-02 -0.4093817E-02  0.1537760E-02
   209  0.3320597E+01  0.1093871E+02  0.4364312E+02  0.2814889E-02  0.2312910E-02 -0.1029229E-02
   210  0.8093189E+01  0.1500955E+01  0.4411305E+02  0.1851308E-02 -0.3512740E-02  0.1825271E-02
   211  0.1411735E+02  0.5572042E+01  0.3442538E+02 -0.8715789E-03 -0.1034980E-02  0.1155618E-02
   212  0.5664789E+01  0.1750344E+02  0.3486490E+02  0.4097780E-03 -0.1947726E-03  0.1945304E-02
   213  0.8207395E+01  0.4791693E+01  0.4903285E+02  0.4914755E-03  0.3176169E-03  0.2878240E-02
   214  0.1504464E+02  0.1037374E+02  0.3616537E+02  0.1765884E-02  0.3782066E-03  0.1320544E-02
   215  0.8047017E+01  0.1238308E+02  0.3980334E+02 -0.2246324E-04 -0.1024691E-03  0.5633505E-03
   216  0.1264451E+01  0.2311051E+01  0.4572028E+02 -0.2056614E-02  0.6900201E-03 -0.1410287E-02
   217  0.6909410E+01  0.8825578E+01  0.3817562E+02  0.1739024E-02  0.2035591E-03 -0.1509023E-02
   218  0.4475881E+01  0.1353491E+02  0.4611174E+02 -0.1436762E-02 -0.2395913E-02 -0.1543714E-02
   219  0.7533697E+01  0.1388629E+02  0.3121272E+02  0.1702112E-02 -0.1961858E-02 -0.2211318E-02
   220  0.4150401E+01  0.4981012E+01  0.4618237E+02 -0.5203605E-04  0.9926310E-03  0.1572995E-02
   221  0.1001592E+02  0.9154383E+00  0.4048018E+02 -0.6402873E-03  0.2221345E-02  0.1009647E-02
   222  0.3125914E+00  0.1354687E+02  0.3552025E+02 -0.1266394E-02  0.8504974E-04 -0.2181939E-02
   223  0.1705717E+02  0.6976250E+01  0.4765249E+02  0.2910631E-02 -0.1171544E-02  0.1185674E-02
   224  0.5640894E+01  0.1617181E+02  0.4914140E+02 -0.6705269E-03  0.3687476E-03 -0.4212659E-03
   225  0.1754168E+02  0.8689705E+01  0.3880433E+02 -0.1394093E-02 -0.1830102E-02 -0.1087592E-02
   226  0.1950132E+02  0.1003485E+02  0.4719195E+02 -0.2619592E-02  0.1767430E-02  0.4890444E-02
   227  0.1300536E+02  0.1435040E+02  0.5000124E+02 -0.1165015E-02 -0.8878328E-03 -0.1154250E-02
   228  0.1713338E+02  0.3202648E+01  0.4728848E+02  0.8097633E-03  0.4491364E-03  0.7458474E-03
   229  0.1616924E+01  0.1416932E+02  0.4923073E+02  0.2822812E-03  0.1619324E-02 -0.6967084E-03
   230  0.4121745E+01  0.9013854E+01  0.4631813E+02  0.2061701E-02  0.1935860E-02  0.7140220E-03
   231  0.9428597E+01  0.5277796E+01  0.4549873E+02 -0.2567961E-02 -0.2674683E-02 -0.3468252E-02
   232  0.1296130E+01  0.7898958E+01  0.4439434E+02 -0.2873378E-02  0.8638148E-03  0.6071668E-03
   233  0.2676632E+01  0.6965262E+01  0.3954859E+02  0.2622605E-02 -0.8690380E-04 -0.2402872E-02
   234  0.1126269E+02  0.9115106E+01  0.4572292E+02  0.5037296E-03  0.3189122E-03  0.1525191E-02
   235  0.1091387E+02  0.8592764E+00  0.5016555E+02  0.4784773E-02 -0.1375560E-02 -0.2858248E-03
   236  0.3578968E+00  0.1251222E+02  0.4504166E+02 -0.1671322E-02  0.1543246E-02  0.1818212E-02
   237  0.4267747E+01  0.1057876E+02  0.3981867E+02 -0.2734160E-02  0.1364343E-02  0.3140852E-02
   238  0.7576930E+01  0.8308873E+01  0.4728128E+02  0.1236709E-02  0.8408231E-03 -0.3511513E-02
   239  0.1901758E+02  0.1611704E+02  0.3861372E+02 -0.4888476E-03 -0.2686578E-02 -0.1747398E-02
   240  0.9705802E+01  0.1676411E+02  0.5121574E+02 -0.4147496E-03  0.1076288E-02 -0.8637727E-03
   241  0.1162920E+02  0.9887688E+01  0.3697015E+02 -0.2083036E-02 -0.1918523E-02 -0.3259574E-03
   242  0.9492886E+01  0.1591754E+02  0.4608831E+02 -0.1521487E-02  0.1580322E-02  0.4536936E-03
   243  0.1466692E+02  0.1930793E+01  0.4486915E+02 -0.3423332E-03  0.3615141E-02  0.6591830E-04
   244  0.1901518E+02  0.6120356E+01  0.5139788E+02 -0.2256695E-02  0.2398245E-02  0.3317954E-02
   245  0.1955111E+02  0.1832006E+02  0.4159658E+02  0.3784017E-02  0.2883534E-02 -0.3237291E-02
   246  0.8419638E+01  0.1469853E+02  0.4265155E+02 -0.2619453E-03  0.9020808E-03  0.3805240E-02
   247  0.7053095E+01  0.1022049E+02  0.5159973E+02 -0.3069038E-02  0.1506118E-03  0.1055478E-02
   248  0.1408695E+02  0.9686482E+01  0.4723509E+02 -0.7709648E-03  0.1428259E-02 -0.1525711E-02
   249  0.1817170E+02  0.1913536E+02  0.4571144E+02  0.2596536E-02  0.1150713E-02 -0.1092370E-02
   250  0.1181012E+02  0.1534334E+02  0.4171119E+02  0.9915730E-03 -0.1720199E-02  0.7854078E-03
   251  0.3104885E+01  0.1816635E+02  0.4315974E+02 -0.8016089E-03 -0.2377109E-03 -0.7143161E-03
   252  0.1896575E+02  0.5011085E+01  0.4039424E+02  0.2207634E-02  0.1089122E-02 -0.1156319E-02
   253  0.2633976E+01  0.3055525E+01  0.5058139E+02  0.1175654E-02 -0.5553427E-03  0.1647185E-02
   254  0.4487200E+01  0.6790419E+01  0.5013622E+02  0.2195303E-02  0.2654646E-02 -0.8907069E-03
   255  0.6302409E+00  0.9614067E+01  0.5147328E+02  0.3840096E-03  0.1123578E-02 -0.3207053E-03
   256  0.6739630E+01  0.1223285E+02  0.4829813E+02  0.9568272E-03  0.2366858E-02 -0.1762607E-02
   257  0.9075857E+01  0.1526891E+02  0.3791586E+02  0.9549907E-03  0.1177964E-02  0.2131650E-02
   258  0.1823016E+02  0.3368899E+01  0.4350034E+02 -0.3142423E-03  0.6340926E-03 -0.1962259E-02
   259  0.1166156E+02  0.6592026E+01  0.4873782E+02 -0.5800786E-03 -0.8768897E-03 -0.3173170E-03
   260  0.1359438E+02  0.9544557E+01  0.5072946E+02  0.4759842E-03 -0.1853335E-02  0.1213374E-02
   261  0.1727152E+02  0.1682695E+02  0.5166393E+02  0.6549355E-03 -0.2610574E-02  0.1854743E-02
   262  0.1712883E+02  0.7611088E+01  0.4219873E+02  0.3425611E-02  0.5163036E-03 -0.2496257E-02
   263  0.1386147E+02  0.6226228E+01  0.4574445E+02 -0.5949778E-03 -0.2317128E-02 -0.2803077E-02
   264  0.1807183E+02  0.1330513E+02  0.5127731E+02  0.9302640E-03 -0.5028617E-03 -0.3920867E-02
   265  0.1048132E+02  0.1097841E+02  0.4923404E+02 -0.3185183E-02 -0.1410806E-02 -0.1232659E-02
   266  0.1705311E+02  0.9610022E+01  0.5045161E+02 -0.6924346E-04 -0.3859484E-03  0.7484754E-03
   267  0.1392240E+02  0.2061677E+01  0.4864582E+02 -0.1952507E-02 -0.1603906E-03  0.1295592E-03
   268  0.1747331E+02  0.1654194E+01  0.5080032E+02  0.5582470E-03 -0.8396043E-05 -0.6989221E-03
   269  0.1581401E+02  0.1314240E+02  0.4798372E+02  0.3162794E-02  0.3535578E-03 -0.1751195E-02
   270  0.1631121E+02  0.1883834E+02  0.4859905E+02  0.3356451E-02  0.1730265E-02  0.3353248E-02
     1  0.9800000E+00  0.9800000E+00  0.9800000E+00  0.0000000E+00  0.0000000E+00  0.0000000E+00
     2  0.9800000E+00  0.4900000E+01  0.9800000E+00  0.0000000E+00  0.0000000E+00  0.0000000E+00
     3  0.9800000E+00  0.8820000E+01  0.9800000E+00  0.0000000E+00  0.0000000E+00  0.0000000E+00
     4  0.9800000E+00  0.1274000E+02  0.9800000E+00  0.0000000E+00  0.0000000E+00  0.0000000E+00
     5  0.9800000E+00  0.1666000E+02  0.9800000E+00  0.0000000E+00  0.0000000E+00  0.0000000E+00
     6  0.2940000E+01  0.2940000E+01  0.9800000E+00  0.0000000E+00  0.0000000E+00  0.0000000E+00
     7  0.2940000E+01  0.6860000E+01  0.9800000E+00  0.0000000E+00  0.0000000E+00  0.0000000E+00
     8  0.2940000E+01  0.1078000E+02  0.9800000E+00  0.0000000E+00  0.0000000E+00  0.0000000E+00
     9  0.2940000E+01  0.1470000E+02  0.9800000E+00  0.0000000E+00  0.0000000E+00  0.0000000E+00
    10  0.2940000E+01  0.1862000E+02  0.9800000E+00  0.0000000E+00  0.0000000E+00  0.0000000E+00
    11  0.4900000E+01  0.9800000E+00  0.9800000E+00  0.0000000E+00  0.0000000E+00  0.0000000E+00
    12  0.4900000E+01  0.4900000E+01  0.9800000E+00  0.0000000E+00  0.0000000E+00  0.0000000E+00
    13  0.4900000E+01  0.8820000E+01  0.9800000E+00  0.0000000E+00  0.0000000E+00  0.0000000E+00
    14  0.4900000E+01  0.1274000E+02  0.9800000E+00  0.0000000E+00  0.0000000E+00  0.0000000E+00
    15  0.4900000E+01  0.1666000E+02  0.9800000E+00  0.0000000E+00  0.0000000E+00  0.0000000E+00
    16  0.6860000E+01  0.2940000E+01  0.9800000E+00  0.0000000E+00  0.0000000E+00  0.0000000E+00
    17  0.6860000E+01  0.6860000E+01  0.9800000E+00  0.0000000E+00  0.0000000E+00  0.0000000E+00
    18  0.6860000E+01  0.1078000E+02  0.9800000E+00  0.0000000E+00  0.0000000E+00  0.0000000E+00
    19  0.6860000E+01  0.1470000E+02  0.9800000E+00  0.0000000E+00  0.0000000E+00  0.0000000E+00
    20  0.6860000E+01  0.1862000E+02  0.9800000E+00  0.0000000E+00  0.0000000E+00  0.0000000E+00
    21  0.8820000E+01  0.9800000E+00  0.9800000E+00  0.0000000E+00  0.0000000E+00  0.0000000E+00
    22  0.8820000E+01  0.4900000E+01  0.9800000E+00  0.0000000E+00  0.0000000E+00  0.0000000E+00
    23  0.8820000E+01  0.8820000E+01  0.9800000E+00  0.0000000E+00  0.0000000E+00  0.0000000E+00
    24  0.8820000E+01  0.1274000E+02  0.9800000E+00  0.0000000E+00  0.0000000E+00  0.0000000E+00
    25  0.8820000E+01  0.1666000E+02  0.9800000E+00  0.0000000E+00  0.0000000E+00  0.0000000E+00
    26  0.1078000E+02  0.2940000E+01  0.9800000E+00  0.0000000E+00  0.0000000E+00  0.0000000E+00
    27  0.1078000E+02  0.6860000E+01  0.9800000E+00  0.0000000E+00  0.0000000E+00  0.0000000E+00
    28  0.1078000E+02  0.1078000E+02  0.9800000E+00  0.0000000E+00  0.0000000E+00  0.0000000E+00
    29  0.1078000E+02  0.1470000E+02  0.9800000E+00  0.0000000E+00  0.0000000E+00  0.0000000E+00
    30  0.1078000E+02  0.1862000E+02  0.9800000E+00  0.0000000E+00  0.0000000E+00  0.0000000E+00
    31  0.1274000E+02  0.9800000E+00  0.9800000E+00  0.0000000E+00  0.0000000E+00  0.0000000E+00
    32  0.1274000E+02  0.4900000E+01  0.9800000E+00  0.0000000E+00  0.0000000E+00  0.0000000E+00
    33  0.1274000E+02  0.8820000E+01  0.9800000E+00  0.0000000E+00  0.0000000E+00  0.0000000E+00
    34  0.1274000E+02  0.1274000E+02  0.9800000E+00  0.0000000E+00  0.0000000E+00  0.0000000E+00
    35  0.1274000E+02  0.1666000E+02  0.9800000E+00  0.0000000E+00  0.0000000E+00  0.0000000E+00
    36  0.1470000E+02  0.2940000E+01  0.9800000E+00  0.0000000E+00  0.0000000E+00  0.0000000E+00
    37  0.1470000E+02  0.6860000E+01  0.9800000E+00  0.0000000E+00  0.0000000E+00  0.0000000E+00
    38  0.1470000E+02  0.1078000E+02  0.9800000E+00  0.0000000E+00  0.0000000E+00  0.0000000E+00
    39  0.1470000E+02  0.1470000E+02  0.9800000E+00  0.0000000E+00  0.0000000E+00  0.0000000E+00
    40  0.1470000E+02  0.1862000E+02  0.9800000E+00  0.0000000E+00  0.0000000E+00  0.0000000E+00
    41  0.1666000E+02  0.9800000E+00  0.9800000E+00  0.0000000E+00  0.0000000E+00  0.0000000E+00
    42  0.1666000E+02  0.4900000E+01  0.9800000E+00  0.0000000E+00  0.0000000E+00  0.0000000E+00
    43  0.1666000E+02  0.8820000E+01  0.9800000E+00  0.0000000E+00  0.0000000E+00  0.0000000E+00
    44  0.1666000E+02  0.1274000E+02  0.9800000E+00  0.0000000E+00  0.0000000E+00  0.0000000E+00
    45  0.1666000E+02  0.1666000E+02  0.9800000E+00  0.0000000E+00  0.0000000E+00  0.0000000E+00
    46  0.1862000E+02  0.2940000E+01  0.9800000E+00  0.0000000E+00  0.0000000E+00  0.0000000E+00
    47  0.1862000E+02  0.6860000E+01  0.9800000E+00  0.0000000E+00  0.0000000E+00  0.0000000E+00
    48  0.1862000E+02  0.1078000E+02  0.9800000E+00  0.0000000E+00  0.0000000E+00  0.0000000E+00
    49  0.1862000E+02  0.1470000E+02  0.9800000E+00  0.0000000E+00  0.0000000E+00  0.0000000E+00
    50  0.1862000E+02  0.1862000E+02  0.9800000E+00  0.0000000E+00  0.0000000E+00  0.0000000E+00
    51  0.9831166E+00  0.2905115E+01  0.2896462E+01  0.9782236E-03 -0.2656434E-03  0.1311228E-02
    52  0.1014946E+01  0.6846756E+01  0.2884814E+01 -0.3176634E-03  0.1384854E-02 -0.5866279E-04
    53  0.9734356E+00  0.1076331E+02  0.2929787E+01 -0.9064768E-03  0.1532954E-02 -0.1339215E-02
    54  0.1029996E+01  0.1475326E+02  0.2884881E+01  0.1568770E-03 -0.4459319E-03 -0.1768294E-04
    55  0.9409815E+00  0.1861224E+02  0.2849215E+01 -0.1531918E-02 -0.1188394E-02  0.6800437E-03
    56  0.2951543E+01  0.9607040E+00  0.2866834E+01  0.5863910E-03 -0.1250085E-04  0.6056144E-03
    57  0.2933264E+01  0.4870835E+01  0.2888955E+01  0.2986526E-03  0.9562784E-03 -0.7230930E-03
    58  0.2899773E+01  0.8814254E+01  0.2944007E+01  0.1680712E-03  0.4073986E-03 -0.7053803E-03
    59  0.2975548E+01  0.1276282E+02  0.2878501E+01  0.4102834E-03 -0.1236649E-02 -0.6160870E-03
    60  0.2937499E+01  0.1663787E+02  0.2905010E+01 -0.1710571E-02  0.4466283E-03 -0.1677557E-02
    61  0.4878638E+01  0.2941587E+01  0.2910507E+01  0.3387230E-03 -0.1145078E-02 -0.6143451E-03
    62  0.4889310E+01  0.6824700E+01  0.2910730E+01 -0.8953999E-03  0.6674994E-03  0.1637587E-03
    63  0.4887806E+01  0.1075842E+02  0.2873380E+01 -0.5304871E-03  0.9766703E-03  0.5768780E-03
    64  0.4894857E+01  0.1473545E+02  0.2912933E+01 -0.8005858E-03 -0.1499967E-02 -0.4247689E-03
    65  0.4870793E+01  0.1862642E+02  0.2840879E+01  0.2788958E-04  0.3856766E-03 -0.1475016E-03
    66  0.6835622E+01  0.9732409E+00  0.2863036E+01 -0.8466135E-03 -0.9553837E-03  0.4190647E-03
    67  0.6831711E+01  0.4847229E+01  0.2914952E+01 -0.9898144E-03 -0.9168472E-03  0.1502382E-03
    68  0.6862376E+01  0.8847160E+01  0.2892410E+01  0.9435090E-03  0.7211225E-03 -0.2683013E-03
    69  0.6850551E+01  0.1278204E+02  0.2890404E+01 -0.2476515E-03  0.8688628E-05  0.7248363E-03
    70  0.6866756E+01  0.1665817E+02  0.2864569E+01  0.5307750E-05  0.1138249E-02 -0.7551840E-03
    71  0.8837140E+01  0.2955273E+01  0.2925241E+01  0.4252910E-03 -0.3104846E-05  0.1419891E-02
    72  0.8784857E+01  0.6817199E+01  0.2890754E+01  0.8181543E-03  0.7922321E-03 -0.6839395E-03
    73  0.8812577E+01  0.1077823E+02  0.2869522E+01  0.1133026E-03  0.1042724E-02 -0.5103508E-03
    74  0.8836138E+01  0.1474612E+02  0.2879248E+01  0.1239995E-02  0.2224657E-02  0.6099111E-03
    75  0.8792406E+01  0.1864759E+02  0.2859670E+01  0.7154588E-03 -0.6256943E-03  0.2332705E-03
    76  0.1072116E+02  0.9814279E+00  0.2933694E+01  0.6630783E-03  0.7297418E-03  0.1453545E-03
    77  0.1081809E+02  0.4947894E+01  0.2880914E+01  0.7524661E-03  0.8563570E-04  0.3742353E-03
    78  0.1074217E+02  0.8795029E+01  0.2904625E+01 -0.1070043E-03  0.1363992E-02  0.5449652E-03
    79  0.1076607E+02  0.1276286E+02  0.2921511E+01  0.1227579E-02  0.7978718E-03  0.8929388E-03
    80  0.1077844E+02  0.1666782E+02  0.2939558E+01  0.2766326E-03 -0.5505223E-03  0.2359117E-03
    81  0.1272359E+02  0.2930455E+01  0.2908236E+01 -0.1634625E-02  0.1188688E-03  0.8636520E-04
    82  0.1274373E+02  0.6846166E+01  0.2948507E+01  0.6775199E-03 -0.1318629E-02 -0.3484631E-03
    83  0.1273278E+02  0.1074819E+02  0.2848091E+01 -0.3751989E-03  0.8924349E-03  0.4290801E-03
    84  0.1275204E+02  0.1473347E+02  0.2860169E+01 -0.5113262E-03  0.3320759E-03 -0.6944513E-03
    85  0.1275042E+02  0.1863959E+02  0.2918343E+01  0.6668943E-03 -0.2445058E-02 -0.1066920E-03
    86  0.1471463E+02  0.9827783E+00  0.2875934E+01  0.8031459E-03  0.3616866E-03 -0.7290379E-03
    87  0.1471386E+02  0.4941895E+01  0.2877993E+01  0.4088608E-03 -0.1900178E-02 -0.6031914E-03
    88  0.1468180E+02  0.8779037E+01  0.2914041E+01 -0.6106819E-03  0.5228575E-03 -0.4912799E-03
    89  0.1467853E+02  0.1272859E+02  0.2882539E+01 -0.2924583E-03  0.7623079E-03 -0.1093450E-03
    90  0.1469345E+02  0.1668094E+02  0.2899186E+01 -0.5229457E-03  0.1035823E-02  0.2212360E-03
    91  0.1664723E+02  0.2971446E+01  0.2907214E+01 -0.7900575E-04  0.4345143E-03  0.1126972E-02
    92  0.1669951E+02  0.6856144E+01  0.2890523E+01  0.5110284E-03  0.3963337E-03  0.6848228E-03
    93  0.1668915E+02  0.1076960E+02  0.2914360E+01 -0.3147766E-03 -0.7905790E-04  0.7071776E-04
    94  0.1666682E+02  0.1472709E+02  0.2902623E+01  0.4235624E-03  0.8516681E-03 -0.1192335E-02
    95  0.1667050E+02  0.1857615E+02  0.2891020E+01  0.1042315E-02 -0.3492733E-03 -0.1609055E-03
    96  0.1857707E+02  0.1003447E+01  0.2881623E+01  0.2318612E-03  0.2542093E-03  0.5486160E-03
    97  0.1857004E+02  0.4894299E+01  0.2878024E+01  0.1394456E-03  0.7689595E-03 -0.1214776E-03
    98  0.1861968E+02  0.8799916E+01  0.2890525E+01 -0.7559718E-03 -0.6621538E-03  0.9300572E-03
    99  0.1868312E+02  0.1276194E+02  0.2896462E+01  0.7713283E-03  0.1065622E-02 -0.1250894E-02
   100  0.1861226E+02  0.1667357E+02  0.2912285E+01 -0.1831403E-03 -0.1103638E-02  0.4257616E-03
   101  0.9697139E+00  0.9414115E+00  0.4731812E+01  0.4439279E-03  0.3756475E-03 -0.1020841E-02
   102  0.1006488E+01  0.4927695E+01  0.4720484E+01  0.2278148E-03 -0.1730562E-02  0.1397102E-02
   103  0.9596290E+00  0.8788698E+01  0.4781569E+01 -0.6642134E-03  0.4812734E-03  0.1544836E-03
   104  0.1009188E+01  0.1275524E+02  0.4750395E+01 -0.9988453E-03  0.9323978E-03  0.4272544E-03
   105  0.9856225E+00  0.1665408E+02  0.4759245E+01  0.5633724E-03 -0.6610181E-04 -0.2154779E-03
   106  0.2924970E+01  0.2897598E+01  0.4759479E+01 -0.1003365E-02 -0.1279305E-02 -0.6403501E-03
   107  0.2939719E+01  0.6821984E+01  0.4750915E+01 -0.5248988E-03  0.1501789E-02  0.1550122E-02
   108  0.2937763E+01  0.1083579E+02  0.4777553E+01  0.1410801E-02 -0.3676389E-03  0.1291162E-03
   109  0.2947628E+01  0.1472787E+02  0.4789431E+01 -0.4485590E-05 -0.6489875E-03  0.2155047E-03
   110  0.2911412E+01  0.1861184E+02  0.4757343E+01  0.9442331E-03  0.1495110E-02 -0.4409255E-04
   111  0.4902392E+01  0.9887019E+00  0.4739647E+01 -0.3993345E-03  0.1217191E-03  0.5516483E-04
   112  0.4896786E+01  0.4829875E+01  0.4804287E+01 -0.2643452E-03  0.3823792E-03 -0.5464528E-04
   113  0.4903341E+01  0.8835305E+01  0.4754064E+01 -0.1068370E-02  0.6499243E-03 -0.2013505E-03
   114  0.4885551E+01  0.1272623E+02  0.4742640E+01  0.2419495E-03 -0.4732275E-03 -0.6351126E-03
   115  0.4908797E+01  0.1667684E+02  0.4769003E+01  0.1608009E-02 -0.7768117E-03  0.3221032E-03
   116  0.6843614E+01  0.2927850E+01  0.4785091E+01  0.8688370E-03  0.2968125E-03 -0.1089116E-02
   117  0.6864781E+01  0.6859639E+01  0.4760384E+01  0.9267176E-03  0.4921648E-03  0.8860576E-03
   118  0.6850198E+01  0.1077756E+02  0.4715978E+01  0.3087582E-03 -0.5320582E-03  0.2695562E-03
   119  0.6844716E+01  0.1473366E+02  0.4729921E+01 -0.5479175E-03  0.8555144E-04  0.9998529E-03
   120  0.6838055E+01  0.1855840E+02  0.4757469E+01 -0.4273067E-03 -0.5455842E-04 -0.1783685E-02
   121  0.8755676E+01  0.9367834E+00  0.4790198E+01  0.4792634E-03 -0.5289509E-04  0.1211797E-03
   122  0.8868451E+01  0.4905898E+01  0.4790383E+01 -0.1046199E-02 -0.1269924E-02  0.7970827E-03
   123  0.8791911E+01  0.8789216E+01  0.4734694E+01  0.1473735E-02  0.8153637E-03  0.5401166E-04
   124  0.8833587E+01  0.1274619E+02  0.4733486E+01  0.6812614E-03  0.1028815E-02 -0.1606629E-02
   125  0.8814521E+01  0.1664729E+02  0.4834454E+01 -0.6398654E-03 -0.7599816E-03 -0.1296285E-03
   126  0.1075091E+02  0.2922026E+01  0.4790022E+01 -0.3411561E-03  0.4467710E-03  0.5352898E-03
   127  0.1075566E+02  0.6863595E+01  0.4777894E+01 -0.4217361E-03  0.1056808E-03 -0.1977684E-03
   128  0.1079224E+02  0.1079148E+02  0.4746883E+01 -0.2349631E-03 -0.1790470E-03 -0.2219479E-03
   129  0.1078161E+02  0.1477578E+02  0.4789191E+01 -0.1146499E-02  0.1026786E-02  0.1471952E-02
   130  0.1074894E+02  0.1867107E+02  0.4788877E+01  0.1085602E-03 -0.2921637E-03  0.6290377E-03
   131  0.1278440E+02  0.9698572E+00  0.4809905E+01 -0.5447164E-03  0.7143977E-03 -0.1879228E-02
   132  0.1273283E+02  0.4914200E+01  0.4833961E+01  0.6415960E-03 -0.2086015E-03 -0.6601970E-03
   133  0.1271485E+02  0.8840720E+01  0.4796527E+01 -0.4576649E-03 -0.5197053E-03 -0.7417142E-04
   134  0.1271052E+02  0.1270896E+02  0.4746932E+01 -0.1345922E-03 -0.1316221E-02 -0.1456834E-02
   135  0.1273994E+02  0.1665556E+02  0.4797101E+01 -0.7823769E-03  0.2893738E-03  0.7113430E-04
   136  0.1466936E+02  0.2959979E+01  0.4794180E+01  0.3963135E-03  0.8848567E-03  0.7181796E-03
   137  0.1470440E+02  0.6841089E+01  0.4777116E+01  0.8107442E-03  0.6504342E-04 -0.1406004E-02
   138  0.1468933E+02  0.1075901E+02  0.4756514E+01  0.1086060E-02  0.3188817E-03 -0.1882227E-03
   139  0.1468659E+02  0.1473083E+02  0.4742403E+01 -0.3422575E-03 -0.7388391E-03 -0.6616376E-04
   140  0.1473641E+02  0.1861936E+02  0.4805284E+01  0.2847850E-03 -0.3303155E-03  0.5941642E-03
   141  0.1666733E+02  0.9800009E+00  0.4799701E+01  0.1094970E-02 -0.7441956E-03 -0.1292691E-03
   142  0.1666687E+02  0.4893969E+01  0.4810825E+01  0.9425848E-03 -0.5490170E-04  0.3815739E-03
   143  0.1665739E+02  0.8816602E+01  0.4815088E+01  0.2546207E-03  0.1702919E-03 -0.5302409E-04
   144  0.1665393E+02  0.1272421E+02  0.4730252E+01  0.8161828E-04 -0.5119240E-03 -0.7783188E-03
   145  0.1664266E+02  0.1662931E+02  0.4794936E+01 -0.3318204E-03 -0.1051304E-02 -0.5338520E-03
   146  0.1866550E+02  0.3015281E+01  0.4758735E+01 -0.1186856E-03  0.7736854E-04 -0.8132569E-03
   147  0.1860865E+02  0.6884456E+01  0.4762720E+01 -0.1371807E-02  0.4262685E-03  0.6536535E-03
   148  0.1862230E+02  0.1078346E+02  0.4765156E+01 -0.5755092E-03  0.6491094E-03 -0.7918050E-03
   149  0.1865525E+02  0.1474644E+02  0.4779231E+01  0.2298277E-03 -0.5665806E-03 -0.6166334E-03
   150  0.1860373E+02  0.1861651E+02  0.4806557E+01 -0.9907240E-03  0.1045477E-03 -0.2866497E-03
   151  0.9507848E+00  0.2956067E+01  0.6693826E+01 -0.3933230E-03 -0.6473396E-03  0.6404486E-03
   152  0.9694205E+00  0.6848178E+01  0.6732600E+01 -0.3862085E-03  0.2484230E-03  0.5079633E-03
   153  0.1036202E+01  0.1082650E+02  0.6656071E+01  0.1338501E-03 -0.4407779E-03 -0.3262358E-03
   154  0.1058450E+01  0.1470115E+02  0.6666477E+01 -0.8011710E-03 -0.4369906E-04  0.5057977E-03
   155  0.9911865E+00  0.1856750E+02  0.6726785E+01  0.5308050E-04 -0.1878204E-03  0.9910328E-03
   156  0.2935372E+01  0.9783621E+00  0.6701200E+01 -0.1033541E-02  0.3407725E-03  0.1899970E-03
   157  0.2953032E+01  0.4883022E+01  0.6705527E+01  0.8410000E-03 -0.1327053E-03 -0.1598933E-03
   158  0.2962356E+01  0.8810964E+01  0.6644949E+01 -0.6133681E-03  0.9590320E-03 -0.2381989E-03
   159  0.2982633E+01  0.1278719E+02  0.6708623E+01 -0.5800520E-03  0.7751753E-03 -0.5519133E-03
   160  0.2957802E+01  0.1666858E+02  0.6651867E+01  0.4010023E-03  0.1164938E-02  0.1254056E-02
   161  0.4850879E+01  0.2915849E+01  0.6700565E+01  0.6654923E-03  0.1758785E-02 -0.3749369E-03
   162  0.4921448E+01  0.6879018E+01  0.6679526E+01 -0.5807223E-04  0.6140179E-03  0.3069586E-03
   163  0.4927384E+01  0.1077403E+02  0.6628601E+01 -0.2656275E-03 -0.5385349E-03  0.9426472E-03
   164  0.4939583E+01  0.1470120E+02  0.6650670E+01 -0.7936633E-04  0.1449737E-02 -0.1896977E-03
   165  0.4832257E+01  0.1862068E+02  0.6656983E+01 -0.8116859E-04  0.2578862E-03 -0.5956804E-03
   166  0.6854493E+01  0.9668257E+00  0.6708238E+01 -0.3294265E-03  0.1351726E-02 -0.2429758E-03
   167  0.6871372E+01  0.4863022E+01  0.6745604E+01  0.1371049E-02 -0.1618135E-02  0.5961988E-03
   168  0.6847796E+01  0.8837553E+01  0.6649469E+01 -0.5055938E-03 -0.5699215E-03 -0.1201399E-02
   169  0.6884817E+01  0.1274391E+02  0.6586994E+01 -0.8683758E-04  0.4127254E-03  0.4268226E-04
   170  0.6844033E+01  0.1668640E+02  0.6728199E+01  0.1166670E-02  0.4482694E-03 -0.1534091E-04
   171  0.8805365E+01  0.2966958E+01  0.6723499E+01 -0.1397675E-02 -0.1876466E-04  0.5293138E-04
   172  0.8824485E+01  0.6854744E+01  0.6676457E+01  0.7153411E-03 -0.1983637E-03 -0.1171281E-02
   173  0.8758395E+01  0.1078924E+02  0.6639271E+01 -0.1149227E-02  0.1382877E-03 -0.4933357E-03
   174  0.8804191E+01  0.1471219E+02  0.6681517E+01 -0.6928924E-03 -0.2966480E-03  0.5563415E-04
   175  0.8807496E+01  0.1861531E+02  0.6726429E+01 -0.4170778E-04  0.6516059E-05  0.4813850E-03
   176  0.1078982E+02  0.9630114E+00  0.6714063E+01  0.2638198E-03  0.2589567E-03  0.5781085E-03
   177  0.1074628E+02  0.4917496E+01  0.6759491E+01 -0.6243282E-03  0.1811817E-03 -0.3388090E-03
   178  0.1074860E+02  0.8805993E+01  0.6626135E+01  0.1718860E-03 -0.2110124E-03  0.6377974E-03
   179  0.1074789E+02  0.1271862E+02  0.6662050E+01  0.2484755E-03 -0.5546886E-03  0.4899686E-03
   180  0.1078705E+02  0.1670296E+02  0.6723718E+01  0.1950712E-04 -0.1009403E-02  0.2005231E-03
   181  0.1272873E+02  0.2959596E+01  0.6717159E+01  0.2448795E-03  0.8339736E-03  0.1470122E-03
   182  0.1278636E+02  0.6864804E+01  0.6719948E+01 -0.4547005E-03 -0.9639820E-03  0.2900571E-02
   183  0.1280875E+02  0.1076864E+02  0.6734992E+01 -0.3267468E-03 -0.1145142E-02 -0.3942501E-05
   184  0.1271683E+02  0.1470009E+02  0.6671905E+01  0.1115832E-02 -0.1075494E-03  0.7478984E-03
   185  0.1273861E+02  0.1865666E+02  0.6744101E+01  0.4903554E-03 -0.1350628E-02 -0.2191897E-03
   186  0.1471482E+02  0.1028870E+01  0.6672089E+01  0.8490940E-03 -0.3103944E-03  0.5766097E-03
   187  0.1474957E+02  0.4897101E+01  0.6738168E+01  0.3884428E-03 -0.2228916E-03 -0.8568348E-03
   188  0.1475246E+02  0.8840475E+01  0.6698181E+01 -0.1504282E-02  0.1061239E-02  0.2498611E-03
   189  0.1469501E+02  0.1274554E+02  0.6682284E+01  0.4461122E-03  0.7738535E-03  0.6305524E-03
   190  0.1468819E+02  0.1665940E+02  0.6656046E+01  0.1272138E-02 -0.1365038E-02  0.1134605E-02
   191  0.1661700E+02  0.2939010E+01  0.6663670E+01 -0.8304907E-05 -0.1122825E-02 -0.9413379E-04
   192  0.1669938E+02  0.6875892E+01  0.6710112E+01 -0.5407464E-03  0.1640980E-02 -0.9742578E-03
   193  0.1672540E+02  0.1077665E+02  0.6649424E+01 -0.9081943E-03  0.1207353E-02  0.3174743E-03
   194  0.1663202E+02  0.1462754E+02  0.6724025E+01 -0.7269811E-03 -0.3293133E-03 -0.2008998E-03
   195  0.1663948E+02  0.1858623E+02  0.6717572E+01  0.7631663E-03  0.5669767E-03  0.7757672E-03
   196  0.1858807E+02  0.9997486E+00  0.6789042E+01 -0.7721856E-03 -0.7484861E-03  0.3858594E-03
   197  0.1863594E+02  0.4864046E+01  0.6687714E+01 -0.1023421E-03  0.1753942E-03 -0.1128171E-02
   198  0.1866288E+02  0.8812890E+01  0.6668413E+01 -0.8206218E-04  0.2769080E-03 -0.9792221E-03
   199  0.1866374E+02  0.1274228E+02  0.6724185E+01 -0.7811480E-03  0.1455659E-03  0.1566438E-02
   200  0.1861693E+02  0.1665123E+02  0.6751763E+01 -0.1151263E-03  0.3559278E-03 -0.5746025E-03
